participant number: 3
10
1
[0.62525708922862577, 5.9610582386864621, 0.94112054583729332, 2.6956751729134965, 1.6908805609789397, 3.5056221153274976, 0.19389611985729971, 3.2248005924446375, 0.0058131093199449424, 0.76897097806178749, 2.1535993832649183, 2.8123207478545282, 11.055604704198515, 14.973207497708671, 14.610863800295618, 0.68381586893482904, 1.1040714152191242, 2.5416457668591192, 1.2183533583956887, 1.6892505062101577, 1.3475757546157183, 0.12295897672902356, 5.8860829767147607, 6.6938095866144067, 1.1255454832894998, 0.029462315718291165, 1.1025000405326182, 1.3392439266299334, 1.7188069680663602, 1.9186562831593221, 0.12509344914127496, 2.0903513274847398, 11.342764324179598, 14.042160876150945, 3.1736620332561927, 0.70151052113209289, 0.67564281471675258, 3.7522891949461155, 1.2587732365417423, 2.548474285097825, 0.54185740772433633, 0.035752981290244179, 3.0321869781488431, 4.7362736792069029, 2.0553326982931139, 0.054992213982131943, 2.477889807463157, 2.161018468862153, 8.009233703680593, 11.078562228376086, 9.6864105546318342, 5.8379338667248248, 2.9717307356557399, 2.4737862767289585, 6.6126677625456978, 1.6537594627950511, 3.5252874066321738, 0.76383314400328572, 1.5162713118664328, 1.3052094004333412, 0.82891650957938623, 0.074891934212985234, 2.7994102246037187, 1.011812013196959, 1.5421880709345999, 0.82665751942576549, 1.8194783229963036, 3.6052209239852573, 2.7479994229307749, 0.23983712723298822, 0.078199922361278595, 1.6054953067790052, 0.82931320442236256, 1.9688666053618249, 1.3662135062266998, 1.2163557454973102, 2.481585414950132, 0.24359773051025968, 21.53502301354473, 4.7459372656922483, 4.0472923643362435, 11.375492083813924, 4.149315760673403, 2.0748363043818472, 7.4499210019200461, 5.9811997896167099, 18.548636503012204, 8.1787052178121371, 27.347084056606775, 25.137670532962943, 43.368963345150632, 66.585129137494505, 63.12696646787407, 65.896764221133083, 71.003729241169424, 83.485664532402836, 60.201831713673755, 73.951323503122921, 77.478288262778165, 67.74363319497445, 47.354894200653689, 34.621322012211976, 36.113193418043238, 29.313074574677671, 23.811584154794161, 36.267226431842687, 44.13738778891377, 19.029283313778478, 5.922121359776753, 7.7709370900017802, 11.921569243069541, 12.995947147618438, 14.463009156738849, 18.823105193504119, 17.129369322977283, 0.0049027508147787557, 41.506043241976158]

34
2
[6.3608388729210503, 1.8039780595592561, 0.50681082078710915, 0.86610223239802053, 0.59761554607314338, 3.0833399373360066, 1.0789882357994713, 1.2614493677049836, 0.54034507791521946, 2.9843811977567611, 4.7639327640130773, 0.51106579648188699, 2.5592677392698988, 1.4972880516779696, 5.2057351959925313, 6.7900568165534878, 2.3611954919237519, 0.74984266132469202, 2.8115547346906737, 0.69767555061167741, 1.9771624137596291, 1.1443312482450096, 1.6644725871078663, 4.3497532000075694, 0.36250999368519388, 0.38566069245899826, 0.019242369039375262, 6.0181464144662868, 1.7066232975361117, 15.479717416525375, 148.51906118815828, 169.66707668694414, 2.0210013487761103, 7.0019773807066485, 9.3225526647675565, 0.73531571803681572, 1.3868604861468157, 2.4851583204043095, 3.8334941259882953, 1.0849582570928078, 5.8800115426420803, 1.8844712557178696, 3.1563989462604241, 1.747811470342242, 2.0350536864239643, 3.5922151364687238, 1.3748940570916375, 1.1043196059699767, 4.3901723093399596, 1.2540513269657367, 0.26435647039136256, 4.726983853025331, 4.0535780168157203, 1.0345413981332854, 1.9462142917045639, 2.8741113234676163, 8.5285835076795138, 1.3270590781085048, 1.2912764868023032, 0.39525034314547725, 0.74874979763228566, 2.9806878026722643, 2.1458352991434708, 4.4159147419411511, 0.33472583579123238, 0.36018142621423976, 1.6525594808402388, 3.3819516006036565, 1.655742447116836, 0.32719761602021435, 0.83889804087436914, 0.5075410762805177, 0.0940787744502245, 1.7383906179060205, 0.79572434158126271, 2.507769071723601, 0.30021653564324424, 1.440838254780374, 0.76637593263421877, 0.22934039541553375, 0.019355395999468783, 2.3762486394467146, 2.0328540051677351, 3.1898563462241896, 10.900042435132207, 0.22999081226129192, 1.2713614185482811, 0.98364165787472757, 2.0319261823220245, 2.1388039998747104, 1.3767971531319745, 0.36517828603632552, 1.5482432443538414, 4.366792568683195, 0.14019809718553233, 2.332250179781397, 2.2491806676797523, 0.033265133057227558, 6.0765842265525407, 1.7541803762171924, 1.1060426933835004, 29.763963610104639, 10.567577306988881, 0.89132498171656493, 11.085789275081709, 0.96695873160359724, 9.0067069290998916, 0.22047168739862855, 2.8717279343824487, 1.9998932263890765, 0.23802237365498513, 2.645116006935325, 2.0752951808524358, 2.29371407659184, 1.6113616383074714, 1.4069449232261206, 1.3179598113040356, 0.14142867903814249, 1.1465515579057808]

20
2
[6.1368851305180669, 5.0500675594371955, 1.6894534186357077, 1.5713059180594371, 0.13509899165467232, 2.5221803192247876, 0.44629070831859963, 1.5924145492372759, 0.63403431207501626, 7.7427237330460912, 2.9626853265290833, 0.83957951832607591, 3.6240209961912342, 0.15170535914603533, 2.3331977014937024, 3.1786446265697919, 3.2434114581912752, 2.7248584487277867, 5.3460208043347563, 0.20046357054388864, 3.1033963361256838, 0.60112581649707408, 1.8544627525319015, 0.82728173405632788, 0.2019241787404269, 0.9091720932576095, 4.0906277778200888, 3.5623213211816278, 9.0820097948148941, 15.614214023380896, 2.0014829847278293, 5.8688431069102762, 0.60407890685121401, 0.71960071714511287, 4.088245584258118, 0.81735192534256385, 2.2525434452583113, 4.6149025174125313, 13.164249358264442, 8.1864861093978902, 29.473704683841447, 24.377815736383809, 2.1027768687365551, 22.651317118365796, 0.65463341622728421, 8.9225152759738648, 2.3786582821195452, 1.5113331725773378, 7.333123129602825, 18.024480184571303, 17.406075837615731, 5.8132393719065476, 7.5084929654063899, 29.86811793271346, 6.6608236551122673, 6.2966925155451463, 46.179021335309699, 108.94001728489388, 118.76145287713263, 108.33000279238252, 107.15570375341429, 44.188885053991612, 1.0615188945041041, 2.6463865275129024, 2.1508572690788696, 1.7323045420351377, 1.7102455259922635, 0.048847374357166018, 5.2397938626965583, 0.34995956721280663, 3.7672673515658914, 1.9609586776569188, 3.4073587562544958, 9.6537089993719007, 12.079753102666217, 25.526721986595476, 33.68924758475427, 24.497150283311498, 26.519586992984301, 34.171873126363209, 36.088903176037888, 67.584628500943836, 88.973065607133606, 124.39508425351301, 106.04048408994635, 91.439603771247903, 57.419820978091252, 26.659655876895243, 42.926117748527219, 87.048579225971849, 106.76984136251684, 105.44333183717549, 140.41077172104519, 145.67403209371798, 116.09737568029814, 124.53199702018208, 166.08658314660977, 36.952893434271459, 66.210528342822499, 69.762213855917025, 60.369081497401567, 90.305121134858155, 64.838664723410091, 59.382286087201351, 28.30675549360484, 1.7779037279702834, 157.49866140788549, 137.04492016208593, 120.3071108340456, 100.1738760787934, 85.049772854273499, 57.094718553317875, 49.906704576770608, 62.701414775690353, 79.739418383158409, 91.277649367101844, 101.99442074024228]

34
1
[7.2487863302253004, 4.114626625092427, 2.3755089993678666, 10.416119913693507, 2.9911333270753175, 5.3274254738707896, 1.515539656047622, 2.0837968566518157, 3.0392434055380591, 6.2369485258670068, 1.1222890469375955, 0.38084923409419957, 4.7399892447257344, 3.929668849879306, 0.78734040452872023, 1.4274960895766071, 0.85205135521024999, 3.7661355037162707, 0.47381012254254529, 2.260904578519785, 0.95941715715889586, 0.9687197482683132, 1.7342147583204905, 1.408630757702042, 1.2891332854120776, 1.0387514928402766, 1.9375531221579081, 0.3084110609805748, 2.3688939934826294, 1.3505873983413608, 1.9503661539780524, 3.354120098743465, 3.1354592661602396, 1.4732376301741397, 3.332398647025741, 1.2891260363184074, 3.5796088439565779, 8.4864718008702198, 7.0835961013484052, 1.746619129843225, 2.131688411374455, 4.1105244933077074, 3.9826024325238336, 7.156907777084939, 9.6191765161328249, 5.826699300882126, 5.2529313800858972, 1.103216634500086, 1.7937555348532328, 0.028788293692059597, 3.5543927727630944, 2.0910749475517605, 6.0891650478841939, 7.2337131390087848, 5.7272610928241647, 1.8527389822037321, 9.2193851204287967, 1.0579849889817297, 1.319556874467537, 3.8049413574344726, 0.64996317705544016, 1.7893417049291998, 1.8746266001942899, 2.5045107883905757, 3.5894723259629018, 0.34724537348407125, 9.7068776148836946, 3.5786204280460083, 19.771602550561113, 7.3688891164385097, 16.536717615454535, 10.354544820750874, 2.3168772380092832, 3.9517957496125575, 2.4154243305260934, 1.5223210744356095, 1.9593794733258676, 0.76984151037802917, 1.8728294978658369, 2.2644512686714791, 0.032525529653071317, 3.3854769235320532, 0.91371236345349871, 0.30417278234534706, 4.4661650592733224, 1.5870473399367597, 1.9409742139483228, 1.0323763964399291, 4.6072884830169869, 1.8680877717199849, 4.7802861195689275, 3.4118411048369524, 0.9579621660562907, 1.8010008686740662, 0.37512436313068065, 0.79966269795647804, 0.30639416152274634, 0.90582261903963968, 1.3112693015827404, 3.9954017433546483, 0.75182581254807701, 0.40175762518600777, 6.120370708311583, 6.0901387894975869, 1.8787704228760163, 4.2037476809902046, 0.81939750056648109, 2.9659903017623037, 3.8957454099050324, 1.3486927928642842, 1.8241121253912524, 0.77464022069159455, 3.0596681426184773, 1.1046684194021168, 1.7605322661099478, 1.6315817642310435, 2.1365678956158263]

10
2
[6.8075848324558308, 1.6504744649614906, 3.2755988256303681, 2.8327634390601588, 0.66988129736665769, 2.246837605958234, 1.1901431922450456, 1.335720530337511, 3.977140734723065, 1.7176505868335141, 1.0206021613568623, 1.2126479353623836, 0.6474389716992448, 8.3522364765339034, 9.7000081982611164, 0.7808986293102862, 3.4376343899268704, 1.4505194173847258, 3.7993572563020734, 0.34854583529340744, 1.1188605705868895, 1.7294929767290341, 1.549912495990327, 0.68085252477919767, 2.5881525394809159, 2.7921156620055854, 0.14539649040358427, 177.85923081071707, 172.0416419042914, 156.7403476347971, 166.57961577373123, 147.10458525405147, 136.68685144536937, 110.9190984026136, 105.25225466980453, 34.225560823218757, 155.6469935432811, 123.3668114724058, 20.509938321118625, 12.384207457720436, 29.189710881507438, 12.357873112930008, 32.308578942055817, 106.588322716064, 60.434034514416851, 57.054604670224307, 82.571883250059102, 69.923920194910721, 60.414918013519184, 70.952004280293522, 104.25548923748096, 136.74995084273806, 1.0408478030463186, 167.64122030862251, 165.80449683153546, 3.0494942724923817, 134.23761300746361, 102.95867840162606, 110.8097703768232, 146.96607084572449, 179.1891200318218, 162.22733018565788, 153.56933414707788, 148.81802892703956, 110.64534596640505, 106.85259119167256, 115.65006652289014, 92.443052870365875, 88.046025638770118, 118.48496878163627, 146.42922675706916, 8.6647264648561872, 32.871783538421823, 35.2468287299954, 4.7704306144140673, 154.53326204031885, 128.316348047183, 114.2495579358802, 93.585032346323942, 65.230479017123002, 41.029069257883691, 23.903168931549885, 43.916843951407202, 68.682182481088319, 91.426082278779404, 113.88631920912064, 130.72408824278727, 137.18952044312186, 161.70797145381312, 135.17035441724954, 93.438686133305225, 77.074039240491061, 59.090939646826769, 24.57527292613176, 3.309118952020782, 34.123156155484054, 56.299348198527127, 79.888149117234434, 105.01362147444632, 91.833854635802766, 50.516157296622623, 14.522791567608294, 9.4240950291083436, 35.563307524579045, 72.343154773251172, 91.974633913129537, 111.46672088433826, 129.11756727475677, 179.66203687150869, 6.3859354115777478, 140.01302531663816, 127.29997493045187, 110.77839281609897, 80.375997298947539, 41.647347349636107, 13.448600663049433, 15.594991194288468]

20
0
[5.9751142933234291, 0.17331470572992203, 3.5316055177587202, 4.0845450671768617, 1.7569940782489368, 4.5854840124735858, 0.69458558012348703, 3.4400971625501597, 5.1395991123322347, 2.1004084905748925, 2.4501617642392262, 2.4806015794782184, 2.2515570643604974, 1.3660377658564755, 6.2699326306492651, 4.6669527335669443, 6.2590370949265548, 3.1038744778394971, 4.2945004528799871, 1.3502029597863725, 1.8822522646236166, 0.21147600335342531, 2.2881299137707742, 0.36967233394858567, 2.7908723159602573, 0.97439926675249922, 1.7920622335392409, 4.0274815449345169, 0.69219412027689486, 1.8886694932745058, 3.7488929454304412, 2.2373308375605347, 3.7800009584819918, 2.7533367995313256, 4.7770429496738984, 2.285524803281362, 1.9882085753594083, 4.2141377416761543, 3.527136622229591, 1.7933693459683582, 0.49098988005425781, 4.9645499677759517, 1.6658867335686409, 0.82164325881842615, 0.29404949751008758, 1.6448491321538654, 0.62562803462421357, 0.08681070673043223, 3.6422318845048665, 4.0360046332193065, 2.3553793536479475, 1.472195387022623, 5.5353747785402732, 3.4855678175937044, 5.8586059153004726, 2.9002105770255753, 2.1093304692056734, 0.16408291709814193, 1.1573516997330557, 3.7661738098822468, 2.9416440821164827, 3.3221834619798756, 8.9076978502847339, 9.702528086317642, 2.3292795562211097, 6.6385910304574338, 3.6689295611656121, 5.273041409049398, 0.74475669366978536, 13.358461101754585, 12.338408569964088, 6.302308746536994, 0.54053621963791443, 0.84227398774055473, 0.0058807848888022818, 0.7280885115012552, 1.784880723798409, 2.2554107752197297, 1.3772823045196105, 5.3458236229692488, 4.587659701050967, 3.9357321399526199, 3.1122872192395903, 4.498801938448139, 4.2200495294429174, 6.7559487997091878, 2.8003310031204478, 2.2628468518496447, 4.807447862280867, 9.7015088227271349, 6.7963028045352303, 6.5693182533535719, 1.3944265180201683, 1.1900149541193059, 2.202235470180085, 1.8096217339634677, 2.6418800597193695, 0.38960625005233851, 0.46602788038239851, 1.3584052902913299, 4.4865014285927032, 1.3069920347018069, 1.3697591576235482, 5.1138281591728401, 9.5013600272836811, 1.9370221704129449, 6.296865284552382, 174.24803977755596, 9.2534636362323113, 10.369375192219479, 17.24207120295091, 15.806427904662428, 2.1338833687489682, 10.587151771111735, 6.0758863180896583, 6.0436317852569914, 22.165340689249888, 22.956844291039943, 20.431208278235886]

10
0
[8.602589237309445, 5.5309409503211953, 3.152959224535266, 0.39677066402919081, 0.15028202854756501, 0.36075990320580331, 2.1386967004526127, 0.44876746490814412, 0.89643293248707323, 1.4297756617517337, 1.131909804808771, 1.6024490841314218, 0.5321887304898496, 1.3342965688294157, 8.894935114861994, 8.2412413021726252, 0.96644789907441009, 1.400887136841277, 5.342177532445362, 0.33455613136646889, 1.1654889140928617, 1.6123127786991063, 1.027041157383735, 2.2034780603912623, 0.58499882510653833, 2.8096940575901499, 1.4860871310917219, 7.0071922260866017, 3.6612601534715168, 0.23335815274526794, 2.304505054071285, 3.7552727060671032, 4.054892943598702, 1.4858604136451277, 0.92730137533578727, 4.987666473310469, 0.70136812705226248, 2.4069306790339624, 3.2771921945828808, 2.2956867864692185, 0.060207020106815889, 0.3930458325604036, 1.8510684378292126, 7.1679322619264667, 3.9384150674022749, 1.5419914237820649, 5.0679064471086122, 8.3938531308151596, 11.251388395858328, 14.498509210094653, 1.5006635814584683, 5.2243192940562437, 4.8514181673837129, 8.9899211749078631, 0.046928614478190411, 0.53243243644396898, 1.3478277186005698, 1.3933603181956187, 1.5842728443258238, 4.0347613804796083, 1.2304586160713598, 5.3783942703864795, 0.46158676643295848, 0.30410464847233243, 0.15066198254885421, 3.1175255472419394, 1.9227147827185718, 0.18557345696683569, 3.0418775385900858, 4.4383874388483946, 1.1485515017826629, 3.5857270942635751, 1.9825936529484238, 175.80865010663973, 3.5224609741135282, 164.35850275896036, 9.6406586526097726, 2.0865156389614867, 1.0958334083757677, 0.34161385997674643, 1.0953598800172699, 3.0935211501275717, 0.7372844272255179, 3.0817651072190984, 5.412045012388603, 4.4111377627315846, 0.12906514765040811, 3.2288146173044652, 1.6168286540778354, 0.53273146547530814, 1.20539519930594, 3.7070492639427073, 1.3049170397456464, 0.093820838508804627, 0.46259827477572912, 5.1392502831633351, 3.7005435974530485, 7.2184078027184739, 2.2186464001118509, 0.098928129045958713, 2.8735167306422795, 0.43133663370332442, 2.1296841087000473, 0.44104500227038557, 0.69188824589673459, 1.9569239623476733, 2.7106646472196871, 0.82377945998257474, 0.58161408617593224, 0.16305407157085483, 7.7928879738664136, 4.399990273926278, 0.6320260775605675, 1.8260469395834775, 1.3343215591189335, 0.6777274397494466, 3.503441282354288, 8.0010464837351662, 0.90249618022136247]

20
1
[8.0527635486222948, 4.85312435161444, 0.39163084267232762, 0.23968156090819548, 0.29358175902314088, 0.15089271242186442, 1.9026879192671515, 0.76255178405352808, 7.1321834895116467, 1.1837974088673491, 2.1712189990016384, 1.1426560545421012, 5.3143038101862032, 12.584969073397303, 2.7127356695544904, 4.9263619622466877, 3.7139532899994947, 1.5884309719295686, 2.0082621778842622, 4.7706317604670687, 1.1664097988727633, 0.17954233091722926, 2.6765525026467003, 2.7327677786337006, 1.5357465838528697, 8.0099643790011328, 20.39187253724765, 8.8684914269532555, 7.1882656786910957, 0.073207996952874055, 3.3735845570913625, 4.9636418263293933, 2.743810636003559, 6.563860687438023, 7.8453727049934798, 6.4314886379456198, 4.1855912812243901, 1.8294046891114704, 4.4864012765090422, 5.1376114345569022, 1.4342952068109582, 3.1007399847596844, 0.70374960415847454, 1.2855380897796351, 0.84352697293826395, 3.4321863778882005, 1.0119163004080178, 3.6890813343794662, 4.3104506173557411, 2.7057112188666679, 4.5494787066622848, 1.3119139338747914, 1.8055079780287997, 4.7550195093431284, 1.4097494958373318, 4.5513114072953726, 5.4837020491981434, 6.3273066252672834, 9.0877818840024247, 7.853026603640842, 0.70070397368050408, 4.7511536655923692, 6.4132899773950385, 174.20236130843489, 6.5566295125796614, 166.68043939471033, 1.3364649722177546, 3.2294410312831019, 3.0446489125672542, 2.8981290967583391, 2.6346012360180566, 0.67899577696584856, 1.9932462609472168, 1.231096402676485, 1.0464761307575827, 0.70570338973635671, 5.5212338453357575, 0.35169711836175566, 0.16781140096185254, 1.4881819958667393, 1.1741689401992517, 0.66103044719670834, 4.3329475213033675, 1.019206650591002, 3.9806768735307969, 0.97179427637843219, 1.8348580162264625, 1.0271486721675274, 1.0368978176636574, 2.866488178538134, 0.48373277325231356, 2.4562431697758029, 3.1716803547901691, 1.1941791191617313, 1.0922701989064763, 1.4716338889587632, 2.0471746923136607, 3.832623069847898, 3.6824182148429827, 1.4373927532319613, 5.4891177417272843, 4.0254543317713569, 6.4266421670147338, 7.3556965682186046, 2.2354317781727673, 3.2780728283719327, 3.6323805346656854, 2.2446521398252344, 0.38519337618896543, 2.5112585164501411, 3.3279915094066155, 2.767066288943397, 3.3098385662456167, 1.5309156571995572, 1.1333129314730286, 1.5761704801009273, 0.35806030718958937]

34
2
[6.2479397445686118, 5.3925207280653922, 0.12860586606342395, 3.6188252112997361, 2.579128373122245, 0.35412491542638236, 1.4399363375143821, 0.16450389933345377, 0.89585469773817294, 1.6356725567744093, 0.3491160736771235, 0.031794797697784816, 2.3903790143949379, 7.683718257347806, 22.089855439618646, 23.214905334778166, 7.253975891548464, 0.75076280040480015, 5.3346473331693005, 2.2080099948982479, 2.1289231226897414, 1.9231793616622781, 9.8243175602052588, 3.6216613584676907, 1.5694024382191856, 2.9651654709255126, 1.913734953160656, 0.83769084133245997, 2.5757529467548466, 2.323803219555117, 6.1361460176816536, 4.580713516035587, 1.3169052664774199, 2.6383675910576017, 1.3429122146690986, 19.391031525043815, 32.192434792698577, 22.368291979284948, 59.505019753238912, 63.719980181483152, 28.395835814619318, 41.216911518822599, 69.988170385832404, 60.382437631248877, 81.066334890729763, 91.885554920947015, 75.473607235940335, 99.74479236492374, 128.39260722655183, 177.69797528939318, 30.567412406697997, 60.399570130237521, 51.831790933387254, 12.684234540206944, 171.63144499518057, 171.96861233544143, 28.938710649336485, 34.168995750097793, 30.91128010170695, 35.505586155223227, 39.655511278213226, 21.283429263370749, 164.72609396489008, 112.98456434998837, 75.96978379515582, 98.451708107212141, 109.37744578564786, 68.770103392118358, 37.688045265259575, 31.994881706288425, 23.854843645574988, 19.913073974121261, 17.20785453522501, 4.5016046603063842, 1.6345140527505464, 2.7525757369741655, 0.59312346751255518, 0.74930087573102355, 2.8090916586629078, 4.2556754953317864, 3.4340994553141968, 4.9262990152984685, 6.1057065562418984, 7.5570425615909471, 13.221971390365979, 18.720366142353896, 25.355164112705495, 6.8172721613287308, 0.71672720494774467, 2.1843918929170627, 1.0040378742568237, 2.1191339680713099, 0.48288377697656415, 1.1676491416562556, 4.0448683734410906, 6.4320620626517666, 7.2979192085269631, 1.7331612293181706, 1.3060774622822464, 0.88701262034169304, 1.9325750884542572, 5.9840622435374371, 2.4068085714619656, 6.0495889387260604, 0.31193857493940413, 0.59157322870254347, 0.20112462043766755, 3.4678416020475424, 1.860483338278641, 4.0772790135629862, 11.144610298181135, 2.699418727183911, 1.0095700405464072, 2.6756650551616303, 1.5415065741336207, 2.4379424420701525, 1.8385776461785781]

20
2
[5.5182049100167205, 0.023999438267424011, 1.9872385647863382, 0.92748822593790692, 4.5657294807536744, 0.27802073734761734, 1.1006436974945473, 0.13686141528950202, 0.98195399395143568, 2.9265322042729736, 2.8490302883063237, 0.76614157359767887, 4.0815254195451871, 4.2298194520148229, 7.3711656730631319, 12.322188889898797, 13.580296307028192, 14.090037502726204, 16.436811653715807, 0.95983625298742936, 2.7955751702970133, 2.0888680282367318, 2.0012001721376578, 3.8072444441245636, 1.003526822074889, 1.38920487410428, 1.7617765904760176, 5.1842616692534307, 3.3386030659801236, 0.74057648295740819, 4.1715812418437679, 0.33391140072814096, 15.990830935406734, 5.7759163270417275, 5.23537458238917, 0.37208793567316434, 1.1637642496417016, 0.82183275934983158, 5.808454962467863, 4.4620439648360843, 13.538126680498067, 9.2102975898524164, 19.902254139163006, 8.711737731051187, 4.8501665414781314, 1.3864420568961009, 5.3371773941093466, 2.5547224761019436, 11.22247657240581, 3.132461276088236, 0.20888371463138355, 1.2457825006678149, 2.4240320105149067, 2.2456849117201614, 0.36427820695121227, 5.0852637340377669, 9.7697314139709306, 3.3269196884660914, 2.0804380058606284, 2.8128415627298864, 1.7950463482141004, 3.4605590930193557, 0.534957453855327, 6.7734016937605475, 2.1158678447214356, 0.42034912158499083, 1.3354335894696874, 2.0231477831175653, 1.4317628522059636, 3.3598184213283275, 0.16864403085730828, 0.72172820348225741, 0.95173516035251282, 0.47312605783920958, 5.8179070800862291, 4.1403799937831138, 1.3491472181596009, 5.5964488069085405, 5.4455871496396639, 2.6405615573165164, 5.7078472605642219, 4.5577201383469514, 2.497825256633007, 0.79457551847994523, 3.4468485210755659, 0.84066308531549794, 1.5729825546064262, 0.84512232842783419, 16.846301333338374, 7.7000591870525454, 6.6542123945987157, 0.041748887825747261, 6.2507849966904132, 3.4294173711854228, 4.2720021112797326, 8.7873649797558073, 1.2102014040129916, 0.59393738727396794, 1.5512250615188918, 0.50064712427990798, 3.5584015554514394, 0.61095802130500942, 4.8479127867178136, 0.36254672125869547, 0.0067800897290908324, 2.2780372339641985, 10.957711715041739, 9.1608281653286667, 3.3622924060792911, 1.1237618910843707, 0.97759106692285513, 0.96138267120306864, 1.0648533956771189, 1.2292548139271844, 0.45816175360005218, 1.3299162793807682, 3.1624229666599604, 5.5764964194975164, 0.81732931635247041]

20
0
[6.3608884199315412, 0.69444114143189495, 4.1422389576703154, 5.129415143633878, 1.2723372799595154, 2.4037851224836686, 1.8169470248837456, 3.1640297790342515, 1.8558854403192413, 3.8857489286777991, 14.953016970777867, 3.0874105558162341, 5.0802730244506051, 0.45688386703415063, 1.9779378910524201, 0.12632987108131033, 1.7812217032290789, 1.1387639175156608, 1.1743150789789922, 1.3500566101232607, 0.06480654662783536, 1.388122341229689, 0.73608612180771615, 1.6790367973939624, 1.4381631562237658, 3.0315488946920937, 1.2825588214856225, 0.42424282217399423, 0.30521814195719799, 6.7140108288567149, 1.0363140958106101, 0.21939457950168162, 3.8069835885243037, 4.1874850785872013, 3.7333608987162279, 1.1130286199205557, 0.80510730323129565, 2.3266529544974901, 2.1538055531237887, 2.3993225726876517, 2.6872866475860917, 0.37605180542990979, 3.5606963934333749, 2.2465945437477899, 1.1990273448034827, 1.3851873810996551, 0.4882376658557348, 2.8578278205866923, 2.2491182357721868, 3.9849689833395701, 1.2814816476869169, 0.16075921799460957, 0.73108037967296013, 1.7307359944892937, 2.2658533096328028, 2.0695971933613464, 3.2092988497147417, 0.59040807516569771, 2.4366516127047646, 10.3859040904008, 11.998836616636368, 4.1555035798464246, 2.6642330135804855, 0.77094608806169163, 2.7224401362858544, 1.5810775849163292, 1.766853725577505, 2.0715660529355091, 1.5780747891836313, 0.16749871192439514, 2.6353345285477872, 0.75377133492247594, 179.04091773176685, 2.3310707923646987, 1.6894615140234919, 0.53343949191139473, 2.876941981649054, 2.7532529003165109, 2.7660875012119845, 0.25385190472445629, 2.7986900814506157, 0.21356484200532577, 1.5276438279263971, 8.7518868067750191, 4.6277857255402068, 0.68124621189912204, 3.7451933850834962, 3.1775905887144518, 2.0617334771865217, 1.3279278838704158, 3.092697649620618, 1.7527941875129045, 1.8029019283849266, 0.2141136939479793, 1.3888194753949392, 1.2049744109585845, 1.3213490385126079, 1.7852144069776159, 0.29736347210052827, 0.40188732465196608, 5.5474680531085596, 10.595518817722279, 166.00292764661549, 0.3166633430365664, 0.18219924155005174, 13.782420929304294, 7.8448276589158468, 9.7821186729074725, 0.28424176485100361, 0.32908007205872991, 0.85685953379834245, 1.614341621015285, 6.6854854548682852, 3.5759360075156792, 4.5836780687307623, 3.4148353878813964, 0.35234383719119933]

20
1
[7.6699039369048023, 7.1096916218596107, 0.72647555242417639, 11.542115428511721, 7.3335431604855899, 3.550522886645922, 0.69557394175731702, 0.63084222463413653, 10.246807348868543, 0.97963467745069011, 0.54628194195606739, 4.4606331379045514, 2.6926084846153344, 3.4437357758138774, 2.7332611088359329, 1.4650885176320401, 1.4888525511086073, 1.5205601416700461, 5.4692959703934889, 15.423622419734471, 29.368426941445307, 45.661778664278359, 20.60137227660249, 33.505788545178348, 81.463888882758113, 85.126394562300902, 59.574614679348485, 53.389293622126928, 95.85163740552639, 125.19353830529465, 117.23021175898896, 121.63079115153633, 110.08766945597361, 150.7798115970603, 142.88508228870796, 133.5992743830376, 171.8726539364792, 151.85199371268016, 131.22843141693846, 123.43582434283417, 151.48705596036615, 7.5486030933088273, 25.529618626318836, 29.496216317817073, 21.59088647294567, 18.456001136473105, 5.3733825653700933, 169.8585213125549, 102.19728726575562, 40.225956982477783, 2.1293853906193476, 14.367984719442973, 2.8604363111197131, 14.297193021602425, 9.4271896282032799, 13.60218710243123, 5.2556069817067623, 4.0388530520867789, 5.0854653128467362, 8.9729464266569039, 9.5321338939477869, 7.7803518800926668, 8.9339723488544678, 5.3232799440834242, 3.8028717693083536, 0.78353350997122106, 0.48020442915060357, 6.5689475385223659, 7.0087876625392482, 0.23981580530141855, 0.049126894024936973, 0.87726940564175493, 0.75837736573288339, 10.274097691264672, 8.6871263859171677, 3.3727954928085637, 1.8798127128192164, 0.79422006633888032, 0.56303781110807449, 3.2734361314878697, 3.559074322488641, 10.887464223776988, 0.48568824826827495, 7.8397989869954472, 3.8016566285156159, 1.3157529761980982, 2.9051644362899651, 0.9582925558274269, 0.30848135343018157, 2.5489653308443394, 4.1424288997490066, 2.1536021844285642, 0.40946886613335209, 2.9723638963661188, 4.3330508219481771, 2.8186996697272662, 3.4341267894251359, 6.4850880351876867, 9.1112057301721734, 12.125656124829902, 6.7408952639175368, 0.23045702625807962, 2.3571998812597599, 4.3077610827810986, 2.4890837376513559, 0.18659689969490501, 0.79658101035010986, 5.2000120074958716, 0.59589151593644374, 2.0710441871262333, 7.4403613219792817, 5.1887079266943772, 0.53684849465130924, 1.5121896376774657, 6.4911369412352826, 10.312288847713148, 3.5538172051930133]

34
0
[9.1257200923768096, 2.7850068428244583, 3.1741259320867812, 3.8987275455456256, 2.1389987510530659, 1.9419031008202126, 4.625554544648196, 0.088795786002890509, 1.1379082467397552, 0.60991966096042916, 1.042629188644753, 2.1409868746449376, 3.4550211251156497, 8.2945459526022773, 9.6417803625188299, 1.2657969909685676, 9.8918077880908868, 4.9103899601396961, 0.78674588472267715, 4.1473783886462456, 0.57872455427826708, 1.2748306514578189, 3.0839504326985434, 0.3647570334979946, 0.42870476528747758, 4.9937596515244422, 3.1968249046856272, 0.010117588440266445, 4.8671121324670139, 2.9347570416834969, 1.1467509738205877, 0.64247391743532489, 6.0436297017268998, 3.6478846772722591, 3.3986668123034178, 2.1845736598836538, 2.7864004818560488, 0.01745040016578514, 3.0648844071466783, 0.084740120589117396, 1.8068938014207561, 6.1665899512826172, 3.0488505614201813, 0.049959628015812996, 1.4032484593551544, 1.3641687894300389, 1.5520900653380068, 2.0340899163799122, 0.68630668620752999, 0.11462798864866386, 0.26574796347281904, 0.7473102695693683, 1.146605875765033, 10.861466360934912, 27.880392152490032, 39.034394722384377, 22.935324605984135, 25.02376703866662, 11.053446175199724, 4.5975502691742349, 1.8081803245432866, 1.0797337594290184, 0.37867824925876903, 3.9191843209850958, 3.1091829909264561, 4.103775741139998, 2.7779581124023593, 2.089073546236591, 1.4373823545155915, 0.10566794294652482, 0.40048790455432481, 4.3568977697121909, 8.3888551563409237, 6.5856587497445389, 3.7978073932496841, 1.9217726240153752, 5.398510976931334, 4.4421981675254187, 2.0044217728766114, 4.0014717589309612, 3.8160246295302613, 1.4517318780312394, 1.3166751587310728, 3.103263909306321, 2.2979961768798773, 4.1145946853900739, 2.717484047715061, 2.7286744688548765, 0.35159538658490419, 3.3456528776293908, 4.9490388162191721, 3.1122656989476241, 0.5619250489939418, 5.4427026802193268, 0.54882175508532782, 1.4931824341452966, 1.8199743406294147, 5.9506567396861669, 1.6986087320113938, 1.0922995667378359, 1.048650198296798, 0.94573316761642445, 0.7618447592289499, 3.7259095504572315, 170.88643109009587, 4.173963811809358, 2.8063780284653603, 0.9039754353278795, 1.4613975265550607, 1.2431271236475823, 4.4830262311752449, 0.29857849134094749, 2.6946822852390255, 5.2551461584010895, 3.2214274521290918, 2.8575948447704604, 0.46266577772104256, 3.3988461464283546, 5.3940850375721539]

10
0
[5.2905168280739474, 0.78689068275292584, 3.2041302372396672, 1.4907093971544612, 2.2522836189431246, 2.2435177874955059, 0.58848391571575576, 0.58725859380064094, 1.2310886140346327, 1.3415095268735513, 1.5189751384326655, 2.6209540042940489, 0.79881991437977717, 0.35173184399153001, 0.75706170484090762, 0.63614961554591787, 4.9645586851256098, 0.86989253234375497, 0.49053842255295876, 0.011915879549292185, 1.6920102944016548, 2.8020821583106681, 0.25305043300681973, 0.90720171423527063, 1.462606311165132, 1.2318765235787623, 1.1328102522215318, 0.43438101260443318, 1.8182428988826587, 2.2988342260041463, 2.6617713003562358, 2.2474785961438215, 2.2780987595331226, 0.11564906423387811, 1.2629485204990942, 1.0806205338808468, 2.9278482078688057, 6.5282838223555473, 2.2591798336368356, 2.2775382830350281, 2.8435891959447304, 6.0488228294843793, 5.0461731236763399, 7.8326269851461916, 6.3976713650945385, 6.1678501192936892, 0.31303800213328259, 1.0455446790728047, 1.7304514832924838, 1.1921664903732108, 2.915483304653776, 5.7163806916287854, 4.2254173565090696, 1.9157710960835175, 2.2643546264783367, 4.4625881929915749, 2.886465077280036, 9.174891926223836, 4.27541495747721, 3.9708022593981127, 5.2084091114701891, 3.8202442133040222, 0.4545065186375723, 1.3616674461396201, 0.064932235383309944, 2.5760917843467155, 2.045092120134143, 5.5544599994692021, 3.242787134250591, 2.2127293552772471, 4.0868117981402747, 7.5057942117472294, 7.5497925067434721, 3.653338767424998, 3.6712362549299087, 9.2720301480765102, 12.921046853814005, 21.718915254385195, 10.773801778193501, 0.93155564739754482, 0.88030707854409229, 2.8218081789083556, 1.2948284260622529, 1.6102146838371993, 1.1123257081196698, 0.73217026195811741, 0.87406401880073759, 2.1750303330717031, 0.74385110553157574, 0.48804901009901869, 0.39982227165711492, 2.9243496030623248, 0.96529762823254828, 0.58691379741634364, 5.9983924468310477, 4.7652204602987354, 0.68813903158709877, 0.92118144747243491, 2.552410953642493, 1.8999672568245956, 2.1688003982437181, 1.9370615352518712, 4.9960569704679756, 1.6757449260465478, 0.22552760709857012, 0.062844269567960964, 0.94576686628909101, 1.8942862193435985, 0.13322961501683039, 1.4300910305402112, 0.039969670556331494, 1.1761983714784492, 0.080789941998773429, 0.0015818997695760117, 5.1967365260966858, 2.2447772220243962, 0.52027751166858138, 0.0020252691712698834, 0.0738334346837064]

10
1
[9.37355235593364, 1.1961978405022364, 0.57140241238849399, 0.29176081377798369, 0.3191043227924979, 1.1193409397018286, 2.4183986399390278, 2.8621704487173361, 1.6519485425224048, 0.896301102490213, 2.9392459826930235, 0.471359874897189, 1.0463714802065169, 7.8951433705293539, 2.5363803383881418, 0.72732029262209608, 1.2935791450664738, 0.15916240891584721, 1.7607272722310654, 1.1423430146782039, 3.6293029846659692, 0.31223460806137382, 2.3878995507257628, 1.151998865806263, 0.5983315306295367, 0.43255218612512181, 2.4750579393946737, 1.3284304831550457, 4.0670514360679135, 3.2108675395255659, 3.8330041646429436, 0.52980101310697592, 4.7801170951127006, 3.8223942641958502, 3.2579568407820716, 7.7684278188463622, 2.7938617065423159, 9.1818249729691388, 5.908391406503938, 4.4311527521537073, 3.1437800403643905, 3.6779525082400824, 4.5811655675976795, 27.468694396815863, 25.557459226224978, 25.782662479163321, 36.743749420584948, 31.441438955592957, 12.236713284108419, 13.997276534922776, 2.8324432780659095, 13.494951488008326, 0.84818441142863321, 26.822810656148363, 19.068398928346255, 3.5085363473687039, 15.357696032495483, 2.0118624244436205, 29.883830442155158, 11.47355197947104, 14.209107673707535, 6.7192180934306975, 2.2330346470625386, 0.39733364930478388, 0.11613995142909062, 7.4406977727280719, 11.977635075988076, 5.6070565557309919, 2.193732988983129, 17.886696574444272, 7.2672916730381019, 14.843121801149323, 25.982951235534387, 27.383707840584719, 32.766194121517799, 34.336275993783886, 43.08465039016275, 45.95727286338672, 53.085648036944121, 64.392806587204319, 89.528540504804397, 81.453368586162924, 101.51060134171999, 106.43574109592106, 104.89969733092187, 113.08677663228906, 94.349654416971077, 105.42431398328245, 74.96238041232391, 74.621746996779905, 75.580567662173166, 38.587037453150259, 56.703148759129533, 35.416620475778245, 12.024632370786833, 22.665063947320562, 29.999385150280887, 30.645330402758532, 7.3536817077444994, 2.4533967060584132, 52.276244950349962, 89.645065025896258, 97.52933141596418, 44.815709758408332, 38.89027296401224, 19.986916593218211, 28.584760669491061, 43.955292886984353, 61.325355533408697, 27.808191320168817, 23.473362803178816, 34.991743336328682, 37.056616817259624, 10.225524631675967, 175.27004918969607, 3.6887907468229173, 37.606279596825573, 111.1894990661055, 95.833850608370199]

20
1
[0.40383306311687761, 0.10885602748425072, 0.82198953233861971, 0.64293478354369427, 8.7026741275942072, 2.7492005597337652, 0.73424764296800049, 2.627905927791943, 2.297095612767464, 1.4949844104139629, 1.0293059738569355, 0.92264819898917949, 8.4875541129040641, 16.312402214887584, 10.438426174399581, 11.842184095381413, 18.192475063561176, 10.012360447326131, 2.2746660487457007, 4.788125530115849, 5.1085181470168664, 4.9428319176133186, 1.4828744063315469, 4.9594771561794175, 10.532341085744292, 15.255622854210884, 21.036157604005808, 12.151004275879018, 2.65338091943471, 11.104891651881587, 14.422169820718352, 18.297667926992858, 5.5346079084412736, 0.19714035692751963, 6.6451231462963278, 2.407484737849984, 5.6108214702545638, 2.3163542847729275, 4.6458654129774004, 2.5141976890446358, 2.4642522333895727, 0.94118693264985609, 0.45460142607069542, 9.730050187934097, 1.395121713325068, 4.7886183390071437, 1.5698524680737194, 2.4018157155617814, 2.2286679882337239, 10.203326288498744, 1.0039325252917024, 0.15103973708983176, 4.2253485925743917, 1.635623225392635, 6.0946964214743389, 1.5721047615778616, 1.9763756045370826, 0.21186453900196511, 4.2895223583605571, 5.1929281976329094, 4.9688186130126439, 0.83638071343227693, 0.66920954577983593, 4.3420914446963934, 1.1376779686019631, 1.0112122117506033, 2.7488342323096049, 3.2724402682797518, 3.2511379160766296, 0.60531985603773819, 11.958686860456226, 7.7585593767236105, 10.96390597687099, 16.637062156555544, 1.8251051269687082, 16.614097876123992, 12.905563622781756, 12.536375464173716, 22.97885344417341, 20.606727768530334, 11.152638723101461, 2.9886624149416434, 1.6263034123243472, 4.1047181921605045, 0.24328164964848042, 1.9099394363652209, 1.7662107854913813, 3.2003976604243576, 3.3689482070384713, 5.4766970235256736, 6.2185873719906226, 0.22700447231267162, 4.0634032371138744, 2.4461837779935536, 2.2476898829194738, 0.14675570544403627, 1.0866868263913716, 1.0690093866849679, 1.7762241285461187, 0.76850299988421966, 9.5802116248384834, 7.3986824668870668, 2.8841059998857475, 0.87441856088838676, 2.8909055601911859, 0.051764344686773711, 4.281101291474215, 2.5603301212880751, 4.0061420652037896, 1.4833915321358404, 8.4481686938456733, 1.0285615251656282, 1.7585518189632694, 8.5218293246957728, 0.35205040394527032, 4.9787809599287129, 2.7446058368253148]

34
2
[4.9789779520646391, 0.83086323326094202, 1.3428896759888005, 4.9562032240527856, 2.7252024495268188, 0.16816922847510796, 3.7799546228472423, 1.0182272328986528, 1.4572443865820048, 0.77066127398072126, 3.1772746464385477, 0.57653749856370951, 13.643902048846826, 0.059692008887054726, 0.4168631657760784, 10.262982288928811, 0.59948393080765072, 1.3211023913243025, 5.6508806598830006, 3.8033117818254993, 12.433616543259291, 2.103221737569811, 1.8880475857454257, 2.4028633759916147, 0.28138726266035974, 0.56809061037415631, 0.95067941046045235, 0.96766343218814654, 3.808868879493275, 4.8245397337635154, 4.5271024560868227, 0.35517725713089021, 9.1647675076219457, 8.491502594242661, 5.6303160059796937, 3.5728325486804238, 174.03899240315661, 5.0552606170260788, 1.6214617654995891, 2.1277358553114709, 0.15701214369408945, 1.0674894725033823, 0.24884810306849658, 0.95158351432553445, 4.3741890426622376, 0.39556751412823132, 1.2066793964967246, 6.5146619184278052, 5.8721843695608413, 0.74445490531729774, 0.86906702259580015, 1.7090838303652163, 1.3130927891789383, 3.5166156793926575, 5.9610835495983565, 0.54340911737762099, 7.3178584917936291, 9.8621740162867582, 2.1435533891728369, 3.3983281035836512, 3.0706038532933917, 2.1246187835100159, 2.0286150233923763, 1.0231275590804216, 1.7265974561963162, 0.2120185080851229, 1.3350424277858224, 1.5129743291474256, 1.1643962268139489, 1.6433135481465797, 0.48698790313903828, 0.27984889919201805, 1.98972644628833, 2.1321627101318086, 2.3807178799773965, 5.6490040425546795, 0.24960482654364569, 6.8422474607716026, 3.9646764037357798, 2.7409387109495924, 1.7322110117759166, 4.9239168323388185, 4.4217515502208471, 1.2358426275530974, 3.1426869728659312, 10.802312688622123, 168.66000753914653, 6.7311889633255646, 3.3226161065828705, 1.2866756384372593, 1.0752530513295824, 2.6159203962480433, 2.2270005996882674, 1.1602464757808661, 1.4444471752308345, 5.2204046357249467, 9.435519027454859, 16.962345265338286, 38.864721126933659, 38.77712825252371, 2.133499489893552, 1.1296576348146345, 2.2487154566869663, 2.843227228366402, 0.63019487969040711, 3.5170049460281803, 2.4007461800311489, 5.3059974648431876, 0.27827577484907806, 1.1692391177998047, 1.7780267924382542, 1.7083328168804428, 3.995541662162907, 1.0349301203544883, 3.7011456515905365, 1.3869096831708703, 0.96790410340616972, 4.0022051572551618, 0.49021297779177075]

34
1
[4.7818813464158438, 3.5117997641228271, 0.63059575882954277, 4.1867671366787818, 5.2161598443203729, 2.1207274822430122, 0.85404400718431361, 1.3594151597148141, 0.43560334830016245, 0.72017906277619659, 1.1239764351331587, 5.5495012326095434, 7.1554069799123283, 4.4335065372796407, 0.79708138349408841, 0.36853152389403476, 5.3787412555373635, 12.784687354199377, 18.676580540270152, 6.7457123366136784, 7.5245914607046984, 4.7027647070959802, 0.29545496456003661, 0.99149962451454599, 5.1506035696165213, 2.8177113899317021, 3.7838348280687342, 0.56845634477986096, 0.84350946853683695, 0.14665573125526521, 2.316055629764719, 3.3078295334454708, 2.1033696154520385, 8.3963788724245205, 10.115491814653808, 3.0851253452347578, 1.8542175762501074, 5.495946900094566, 9.5950465839803769, 6.4853779804127214, 10.972173355361974, 2.4893845074497563, 0.83577334368621337, 3.386207066435702, 3.648749041065571, 5.2984537982773929, 1.0607510714108912, 0.91696820365055487, 0.16081792533105954, 8.6991440370027817, 5.8498537072394186, 1.0764215335324252, 0.40591681828442461, 2.4055775620644795, 3.4873510593440926, 2.0454151459706509, 3.9293700018685911, 1.1626603796310064, 3.950136755703312, 0.77863787423399344, 2.8999903196616401, 5.3409089918393988, 0.4181976749305818, 1.988798297414121, 7.038680423967719, 3.0351336741849764, 0.94186743509203552, 0.81285290435175739, 0.049005258030490495, 17.364451782755168, 9.9402093183915667, 166.73350524834086, 4.7185623869110032, 2.7664912522580494, 4.4471064656055432, 2.0012286786522395, 0.019272705197522555, 2.4323949006478074, 7.9216427081386769, 7.5841812202523329, 8.3534901016583945, 7.5699286911901709, 3.5139996136668969, 3.0474917963825874, 1.1223856904778131, 4.6917094009319271, 10.375397310815288, 29.252421889260347, 27.861751960606057, 15.809738677789198, 8.3099833725307803, 1.5189497407728823, 0.59925574772125856, 0.80632036284737296, 1.5718295457652403, 5.3896335128472401, 6.8936076648008111, 8.4740598604806792, 3.2286362762079648, 0.68229885359687614, 9.0163245646492669, 8.0954491965990201, 7.034573909116375, 0.33116089218140132, 3.4139814804674984, 1.9142837261845216, 2.3386564651458457, 1.2309544982140324, 2.0694449403119677, 0.78062760719248558, 0.53310226192002119, 0.023172405643833827, 0.33825230986488464, 1.6739662258276553, 2.2482805848684961, 3.4760725247500659, 2.6468968351588273, 2.297724336149372, 0.1138573778251839]

20
2
[7.688810337002451, 1.6822636267958444, 2.6798747905895368, 7.4467870706733095, 1.6274528628779876, 2.971901575186223, 3.6475403030379709, 0.9222639717326615, 2.8474870210226015, 2.0912356529296972, 2.4812076534564653, 5.2103728551205393, 2.5274397845006433, 4.0737017922173777, 6.233470694155443, 12.04308225447636, 17.484510604347548, 6.1810869155474109, 2.2650541269040616, 1.1590340290499341, 0.8766103753805794, 1.7463860060038598, 1.2276171274592969, 0.01885486764214761, 2.4252898248639383, 0.30591601815916647, 0.6965065536929842, 0.88851155990752773, 12.52437633948125, 5.4328402943615117, 0.21997241663831346, 8.8332608814678792, 7.1742562876188174, 5.0544685137300007, 4.1578012404710307, 6.0038983846494602, 9.970374209978786, 11.624471506689929, 12.742323792132595, 16.080447801907951, 15.623757343994328, 5.6293356744382663, 0.22814327306457471, 1.076345814837822, 1.6905503277337459, 3.6903832842014879, 5.6483863140106223, 8.9233775477254653, 6.2480783784096161, 4.7691888287806705, 0.049067984700741363, 1.9847096161752802, 0.15374520696002492, 6.3041118992423435, 7.2011471091104795, 12.423238304250361, 18.581656493501356, 24.487302153628946, 30.571454458325661, 32.56424420628332, 47.083640500906085, 45.138580538358383, 38.179501859040045, 57.492334761705365, 77.044870846632193, 86.214672909405067, 99.236628093583363, 106.69272252168173, 116.0012018912106, 137.7232263876229, 149.50663741254186, 119.62305793353391, 61.537958751233873, 21.108837181221077, 4.4744126255088759, 5.6983327270318114, 3.8533283006302099, 4.7927728747670244, 33.381179898548851, 43.802744496560422, 47.227508135522498, 132.81526774908582, 125.4365696618097, 113.92236048604263, 105.46808478561871, 102.15865968177911, 107.96180378878063, 116.2350707459612, 72.86687532801875, 31.406860987381378, 10.423854795249838, 8.5906440377198123, 1.9584340923760237, 0.51065798590917666, 0.081335296382775368, 2.2381730038093792, 3.8661895970307683, 8.1404569004513121, 8.2555593900383997, 1.7848484298597214, 0.52919585097896515, 4.4671400591388135, 1.1128894257669799, 1.5220989940480649, 3.8716964638414026, 14.186558963657916, 15.209603001939684, 1.6446692492116313, 24.755173345644977, 37.263977171921908, 48.24074865484306, 39.665694016435964, 58.13656264650956, 85.495415774167327, 84.766536907858267, 93.182558758063578, 87.677423085550004, 69.158777516946543, 44.445339680124647]

34
1
[6.86940657177405, 1.7435699229999386, 0.43955003090081846, 2.704464409975941, 0.97522063083573585, 1.109268147527871, 0.62146844861703698, 5.4874661547898995, 13.713076251588092, 16.800482620172033, 14.854447317606258, 2.637896422983431, 16.134978375224591, 29.99274579759475, 9.4656623574949776, 4.1872330081468476, 5.3377300488075718, 2.1855830029866468, 0.5973650746104795, 0.46915153348206218, 0.381496186378115, 0.79765873300371481, 2.9455752840548541, 1.7867705635660798, 1.2572911431148555, 0.915542949811055, 2.4051531197886504, 2.0298041667994653, 0.83168873214492578, 0.72029576220700164, 1.3028104802139637, 2.4329655989244543, 2.008241604230534, 5.6345421885346241, 2.8773480869874106, 8.3600913244445678, 10.735599374490675, 1.3540515741460126, 4.3758056771462179, 6.1028659723018563, 1.6775228197822685, 2.6037826920331781, 0.80028596945476238, 0.13770047159289334, 3.0773444427122172, 3.3464637431234223, 0.88489954308477081, 0.45762443204677083, 5.7324937243494674, 1.1121120020929993, 1.5987336240774539, 4.3390700415475862, 1.5024232020464865, 1.3933373541647711, 3.3116918008599896, 13.858627037061183, 158.87545251955328, 8.2174756190339053, 6.4017852764302461, 0.12160292247443749, 1.8691093918794763, 2.4687008523431473, 3.150881323685212, 0.39332506808938206, 0.78840051225756724, 7.191410691034946, 14.761018675572586, 20.124092431194754, 5.9830012327111604, 2.0835929892588183, 1.6323646128790301, 1.7504001322696183, 2.6484445770748835, 1.1698340514222991, 0.70961600695244442, 1.7038876490247787, 2.9397610976354827, 0.41048286123930211, 0.15371017258223674, 0.10367329897422906, 0.72918857362310519, 1.2854964562749842, 0.49547857139731377, 0.145420275070137, 2.7802202480575602, 4.0244709835056369, 3.3111323619699533, 1.3163175866163783, 2.3237556539753541, 0.7841846323345294, 0.97978539486291538, 1.624067976239445, 0.23520738212550896, 2.2175667458340058, 3.1830431857535189, 1.5587155273513531, 1.5647980249325428, 2.4192785430329593, 1.8599542922916328, 1.6716151569032149, 3.5371229428590141, 1.5802913330503543, 2.5598733090326959, 0.35841503913104589, 13.900593154982175, 13.937018907853826, 0.40438778705333789, 2.3887700296518233, 1.2690109965515148, 3.2426131989951728, 5.5248501622198773, 1.1402478693169655, 5.1636325639918255, 3.4340951686042445, 169.21456308338202, 4.7627182127196761, 3.0450388824484094, 0.51976368248330118, 1.3917115454078157]

10
1
[1.568478885857985, 0.79813428891245053, 0.57290133538606369, 0.028453599586725886, 2.7119997992303979, 2.829393656338766, 0.057011991028161901, 1.9009176005414758, 1.0138156187888683, 1.0884206333851125, 1.7421112160771486, 4.1466337101351485, 1.5975606551549504, 9.1836078042459803, 16.233862321266372, 21.97093812358645, 1.0746143323120236, 0.76268390659689089, 2.1060089238517037, 3.7383792409495982, 0.010096843699983538, 1.4964114714458958, 2.2556239273218921, 6.7502545017582634, 2.3760602095907757, 5.4054030161785249, 1.1596137739596202, 5.2336613468477537, 2.679852825564808, 6.7436831735822125, 5.0116321852919441, 0.17852436466586141, 13.823299547151464, 18.146030880141154, 29.096779706560824, 35.993004511611957, 46.951576344433647, 58.090369664009017, 69.019628501333841, 61.801498362776272, 72.021954157405446, 79.495523311159445, 87.443423779900797, 90.632862679213417, 101.27566288117146, 107.8226308255035, 117.24139357477964, 57.6123261757769, 44.815075425524185, 36.682754266357563, 28.356435698818814, 20.221544456421043, 12.573059349127789, 6.6555092138703458, 0.60224696504656094, 174.54929925749423, 171.82314248422279, 161.70178124164778, 156.23899487398728, 145.35114500921657, 139.66229255363618, 116.15863933996792, 111.97463228425329, 115.94193129719457, 95.072743036273096, 107.72390647898573, 81.49902686587663, 57.024607151769715, 79.992370851320175, 66.303255226988369, 23.610662351870275, 32.571052877360813, 34.548809919369376, 50.917149757170506, 9.5241054927529092, 11.055552377652617, 50.859955611665811, 79.765486151278907, 61.02056296522116, 41.271695474515639, 15.265017095687625, 4.8115521612969019, 0.33589892252285836, 2.7710691717951192, 0.38495696408844537, 0.042747761563987297, 3.7342891426844744, 1.367884013537747, 0.68180671502796031, 2.4021970752737047, 5.8991996979500527, 15.383832411033012, 8.8642399066551434, 3.6270857618276864, 6.4065838401049575, 5.4009209784693155, 1.9454451299629341, 0.79387781358428811, 4.1848953079978628, 0.38053917100052104, 5.5951425300549431, 16.417226157906555, 2.3222724177428518, 2.8098206409889599, 1.0638392254699056, 7.2954202545732301, 2.3456563435320277, 1.5743859302395151, 0.16518950395268917, 2.4446807991719481, 6.1559595935648588, 0.53413422970439228, 2.0878957414544743, 1.6470868265148511, 6.196412885926577, 4.3212050852951904, 4.4970247283096967, 4.4690947778003078, 0.87530631876433063]

34
0
[5.7208434510131951, 1.8693107056147369, 1.0884353979773778, 3.8616254302650077, 1.4973813143660948, 0.66197779839387749, 1.25858693227093, 0.17247368762977544, 0.14508411995734605, 1.8975181076013996, 1.7645122843322838, 0.81003770639486561, 0.0023919633574678301, 0.1966242712518067, 3.4065216750307741, 2.6933206663775877, 0.4236649652439155, 0.81609861367027747, 0.87239269837056099, 0.76444749352017993, 2.0673086736973687, 4.0736383942980297, 2.4430643797106484, 0.050516811018553653, 2.3214398680904367, 1.6143868317059571, 1.242879985683544, 1.5120023504525193, 3.8753196108826842, 2.6380873795808384, 4.6155177957900264, 3.1996099350626537, 1.1205712259257439, 2.3165364816180727, 1.547524623977381, 0.72798546503400985, 2.2750336555045578, 0.30614045621371133, 2.1570374352437511, 176.29035698334212, 3.5203580633730667, 3.6902098027188117, 3.8228751842542579, 15.959476881971455, 3.816716354110838, 0.61632388717055164, 161.39564939086711, 160.07333581434801, 9.8640015892554516, 3.3070576383880734, 9.6861233259957658, 1.9048936773629634, 0.57484932800980459, 3.0030274457668042, 0.10260709966530612, 2.9760941660896947, 1.2607845912850735, 2.8972538750207377, 0.32512085993016626, 2.0050687825767568, 2.1176253696937692, 1.1821993323918036, 0.58125339341523841, 1.6065719498014346, 1.1250441174363459, 0.23758741492525814, 0.27241325796273941, 0.43053904692095557, 1.1895292913445132, 0.55401516570725562, 1.3343621129286021, 1.0340009261998375, 1.0495069271104285, 2.8584852595087114, 3.8659159324031407, 0.8776405362379478, 6.7646037983599854, 6.4101569921105011, 3.8423004907627387, 0.23272163323377981, 5.4351815718746366, 6.1243528949479469, 1.3041986450755871, 0.22554405758859275, 0.38244552494046502, 0.015126018937621666, 0.059037095878125001, 0.7830930736135997, 0.45936297962680328, 2.5869608158978963, 1.5289828724020254, 0.34548049368095235, 0.033605226184135972, 1.3371230801913612, 2.9564385956369392, 2.347120088875613, 0.049521313078798812, 0.37900908850372161, 2.6760753651574305, 0.94741904507577601, 3.3480462531829289, 0.85002824099086638, 1.5833082141377872, 1.0755848227487661, 0.9521550216032324, 1.6003244357222002, 6.4483848010329439, 1.1529040233481851, 3.7798594462528285, 4.2744137676106106, 2.3181111106827075, 3.9777304541268279, 12.60709242733077, 1.9229659094966394, 0.56580557371421492, 2.3883376867195807, 17.390764438445075, 41.293464828453693, 60.93485685578662]

10
2
[1.5971419057740945, 1.0749940077927249, 2.3180702641706148, 2.127218700940773, 1.2351057488822335, 0.58772102465701437, 1.0516604308713227, 1.055105316931332, 0.64189229256766112, 0.6801457148553709, 4.085675652202724, 1.7036009313878537, 2.5292672356998196, 8.6647929529468399, 2.197267356714292, 2.5335704942346524, 4.7002919705860506, 1.5588393161219187, 0.68811743544324599, 1.3640692943918111, 0.85279409179398158, 0.68619483149808502, 3.0823834489544879, 2.0560216274357117, 9.4414037713457901, 11.54861687391292, 2.5105172711677142, 0.96493966760533567, 2.5030695885720036, 18.563543971728166, 35.833686061297158, 40.86270973786759, 51.070799066665984, 50.966741740373266, 43.289026906989022, 58.270974485016268, 61.483810215048436, 68.493015553414011, 75.330766307997123, 80.172505767396331, 83.57586226590638, 79.805860703617327, 75.792409440400888, 69.265169073959953, 62.373793210849385, 53.673278272193613, 42.355648178661738, 30.085489621337615, 16.32824505724389, 12.310996661212386, 5.6586510068516418, 0.3496584700237122, 1.7417811592537191, 0.35452957179916211, 2.0686438948421824, 4.0915292910389667, 5.112325235621995, 7.3074504386460717, 8.4726310991172795, 5.4438050189442606, 1.2051014203184991, 3.9473899764558382, 7.5096183158804024, 11.553810144547185, 7.3048715931773245, 19.059728478801787, 13.855823721470699, 0.051287540417547461, 0.043978473155448228, 1.1936044270270258, 2.0255734222705541, 1.2393715871549489, 1.0382883254250146, 1.2510806363335405, 13.77845343601777, 11.057718211004612, 1.4466188614344162, 0.21203912029830008, 0.68927476234620144, 2.6115034763059839, 4.278124687868285, 8.3960059548885795, 2.3165358789146353, 5.9582994493164279, 0.42835168267285439, 4.8334109536040444, 4.0039899925824045, 2.7203378316543763, 0.46108808070852092, 0.14703604795474234, 0.86571670384182653, 4.1866002798701913, 0.4944547555081158, 1.7315741559352205, 0.45795993346160913, 0.38326868380625001, 2.2179060636912595, 0.17995804592914055, 0.12779551957586932, 4.3073976463628298, 0.41446966729495216, 2.0411817291348484, 0.07450105014129349, 5.5167563847038537, 6.2832586499609988, 2.8741152340194276, 6.9514129196575141, 3.3780822517420575, 7.4491871820122242, 12.538441521880713, 8.6913142945376194, 9.0138163184121254, 6.2265314433861931, 0.23162891850063261, 10.651745165894511, 16.81376620495837, 3.0914974000885991, 5.1496956309969733]

20
0
[0.71406953135814888, 1.7372173502544399, 3.5534048103640714, 2.1025039220020858, 0.65947327045253701, 2.8307207362356621, 5.4496882390355097, 3.061292449960149, 1.3623304633553914, 0.60162525554946455, 1.2570724963884459, 3.1951955669026688, 1.9397237767010722, 0.31162087617403245, 1.0618124713154202, 0.53082913317922475, 3.8429654049990631, 4.1253477493607988, 2.6670301927534297, 0.64612038568560592, 0.6605693079879984, 0.94354310702789235, 1.510315514336753, 2.9258285772557429, 0.81556576146749649, 0.77894839240826741, 3.3531830525088253, 3.4263637470941717, 10.798379464341906, 1.4768042225263684, 0.30984929324256427, 3.2209895447880967, 1.1723437574932518, 11.286173988365363, 3.0427063368994141, 0.77272757184141483, 1.0912455523069866, 0.4186832528010882, 3.1971270502795619, 175.09023953503913, 1.5487544452342945, 0.78776762013876578, 1.4624403839823117, 1.0487335517443057, 0.33995608378762654, 1.6385300872943844, 2.6421166507635121, 2.7792233171189196, 3.6228391678369007, 1.3072056564618038, 0.81396062895515797, 4.802168603718826, 1.3254127951995542, 1.6058965286321722, 0.39043514824714975, 1.3291448538270174, 0.5469585936467638, 1.8357458945285998, 0.48142444473307933, 0.23203550639607329, 0.70126267062443048, 1.83782788208498, 0.78814378654834627, 0.60721079743842665, 5.077607202074887, 9.0237746083910224, 6.0371296090692113, 2.5319019996697989, 0.23260988375909619, 10.123924986132124, 0.20546137389146679, 1.4513293462664478, 6.0044938667457473, 6.2270671555683634, 9.1632939994648837, 3.5415700526983755, 2.4948105236865672, 1.1742000001206065, 0.20196408480876471, 3.14629785029706, 1.7790649946205122, 0.47276801359225828, 1.5158076179223485, 0.98338582944668929, 0.6452859975454146, 1.157204497679686, 2.1803008503025865, 1.2347411629714315, 1.4116791493179903, 2.0567085978556179, 0.55597518195105522, 0.94342350424915367, 0.9098698839667918, 0.080921388133447181, 0.21824137266017374, 2.1461529555201651, 1.3977881171455806, 2.0183046892769312, 1.4770068820274105, 2.87343463955429, 0.80604814046046158, 5.5717906531226618, 0.010696074199501027, 1.7516326178302393, 2.2696293281644557, 3.3602540166622816, 1.0059712819572155, 1.5689135915464476, 3.9988990898308714, 4.8436379921953971, 9.349438221218179, 2.7714830416488496, 0.26312439976356927, 3.5539486466719836, 2.6584239104844585, 2.8258675908246005, 3.3887205907798545, 1.9109476813002857, 5.8855816892082373]

10
2
[5.7302750175260257, 2.1350296743788135, 3.3802665525712428, 1.5535424100400519, 1.2911858594439991, 1.4511920743423161, 0.11934748700974751, 2.5051931928922784, 0.2689915396763638, 1.1837628513898721, 5.0520430126705094, 2.5479629283138934, 2.5421549328060848, 6.8289476653975498, 11.112204650900367, 2.7741058154724101, 0.19260369576556968, 1.9449561486097764, 2.6187602277778979, 0.52589332199096361, 4.8634412745325619, 1.5927243714829729, 0.33873683510120145, 1.3259911980649974, 3.7359190003011804, 2.7507957667737628, 1.4278178776528421, 0.21625976651466772, 4.361625666654902, 5.021897074650326, 0.71102771418790667, 1.789825841316258, 1.6837340000430743, 1.6231355076283762, 0.84424673055076482, 2.6736250360357303, 5.9385849606552767, 5.0172834315671935, 0.76952947671964012, 5.9422152810041098, 3.3995778546693032, 0.55439146767372449, 1.5318193575405417, 1.7008610368498012, 0.26077252752378399, 2.0468256594040781, 2.7739682917880373, 0.13239734132099557, 0.52559711036485623, 1.267836653086988, 5.0657648583860464, 0.37163260645843366, 3.3210623811941105, 2.4228494631823878, 0.5003697784300698, 6.6506183490255353, 7.2563772361943961, 3.0005753100813308, 3.6331782333884917, 0.65709826911859182, 4.269817934944399, 6.9399948609936928, 4.3554272702795629, 1.3002283149255049, 2.2476090361165575, 1.8538483353410129, 4.5782353560742877, 1.7536435604008602, 0.59018663554627437, 2.4327635415301074, 3.2749494321288353, 0.82687023904264834, 7.0142759467079827, 1.8753782416156355, 0.86994381734388071, 1.7040932418505008, 3.127010457071151, 0.19030125622663263, 5.1072916784688687, 3.9925391372488548, 11.274165780200406, 1.6419951809210716, 8.4154422148883441, 1.734791373248413, 1.0992182860621824, 6.5317938313364721, 1.1262891892736207, 2.4349882377494509, 4.1244565457380986, 7.6998390427047525, 7.4698032065155076, 7.3109217659001615, 7.3291323836622269, 6.7719704842540409, 3.2519692851981858, 4.456692327801079, 6.8788804270099035, 6.9770536302431765, 2.2260227442836822, 5.0002040947890123, 3.173419343720866, 0.9276247616134583, 2.1074854986129594, 0.59283322181408948, 3.4425622672822556, 11.741403919740435, 32.001528228806421, 37.506623196314763, 33.667220140770269, 36.511945546866514, 42.222468049580868, 35.290023384392157, 25.759023124427074, 1.8207623908035657, 1.8349913999019236, 11.228324435368961, 13.460306952925862, 7.016315965639933, 171.16426669458292]

34
0
[9.6694931979853891, 6.3185988019272941, 3.0721344720076615, 2.9693288503796111, 2.3356185961545748, 5.8519153449131522, 1.3142594759285089, 0.31839104160471265, 0.23067173009130215, 1.1224425610200512, 4.0077145286249731, 2.9136695838248556, 5.9645727576239267, 5.4080928878261716, 0.92459072114684204, 2.6747749435927801, 12.681220933136359, 4.1677752622627224, 1.3442659242486457, 1.8399178069075219, 2.1396496792783637, 2.7029668012391141, 0.81362674422064174, 0.16645411555464307, 1.5826910491887247, 0.8487650638939499, 2.3612786083745618, 1.0214291436110443, 1.6217966383881617, 0.44758401678296877, 1.8652083064330895, 3.9057584431832311, 3.9148336892685052, 0.35858413804373868, 0.2397523747333139, 2.3600230731012175, 2.1587198327021042, 0.32167568225247578, 0.28929119449156815, 11.219105710399674, 5.833095266143232, 1.2499983875875387, 2.08673671257759, 1.2841918846806948, 2.136844300864766, 0.034443353093138285, 1.9988206734791447, 0.050581015499574278, 1.0037810606834796, 1.1123004530253411, 1.3879769633381329, 0.54356854706702507, 1.0198689940367558, 2.7971455803634058, 2.8002866979791179, 1.1280193375727094, 1.0912750445746724, 1.606279685330378, 0.82241300678742846, 3.2974695573630015, 1.1502975364932126, 13.227993411917566, 7.6964236254120237, 2.6690542308226668, 0.087940500855324899, 5.6202651784612385, 2.9732602053958317, 6.956168222800045, 2.7994310951965531, 5.3367807216857841, 0.99823114536957291, 0.28581617279269267, 2.0794761706727627, 4.0649854260055349, 2.3167614085022592, 2.6410878724094005, 1.0063939920848952, 2.7197063606120082, 1.0919495280381852, 0.74461427286587423, 1.8936084396109436, 1.8241336587485648, 1.2892671433783676, 2.0350202175821437, 1.0368907921618984, 17.418606437374081, 22.456584243841007, 5.8020078714456531, 0.8671444491816942, 0.21756160715995065, 0.08539788436416984, 1.6036193791259734, 0.38909993313666291, 1.2335678522921398, 1.6922008843121716, 3.933857560188585, 2.2235597184669587, 4.0520354794759328, 7.5268048027333521, 1.2560639042768571, 1.7574887451161771, 1.4679921621540188, 1.8280131843437175, 2.0155238484936149, 2.2048311900329054, 2.1273702646951165, 0.68529201968931375, 2.844296054784877, 0.96577004966781033, 0.48880244198289802, 1.1478145043438985, 2.0409493549963145, 4.346033665720654, 5.6276113116633439, 0.89751747545213334, 1.4322128552291531, 3.028898501022411, 2.6465179609181178, 1.9206034506074161]

10
0
[6.9728663432195503, 0.87220236324878897, 2.1632898563039475, 1.7534704856603014, 0.83682629376323803, 3.6656017289746217, 3.9284845236859951, 3.0069694865255201, 6.9727655279427836, 14.172553918865844, 9.2737819989980608, 1.8842763639826501, 1.1208608733291783, 0.15579267915472883, 1.4025265897146255, 0.052589629010270755, 4.7229052113548846, 1.3400018871349175, 1.05954986533024, 0.09528114639681462, 0.9509159915398584, 0.76775576831062153, 10.862277138537678, 10.222476795562045, 1.210431477541988, 1.7724997270783831, 1.3610033806283468, 2.2190501701970788, 1.8569125927456582, 2.1582478998742829, 2.0237787316892479, 4.0858491115494928, 0.91874637168820072, 0.7731467641395966, 1.5883038968989069, 2.0106677477530752, 1.4810398966872071, 0.6498849102832196, 0.28615852671623543, 12.179823152253647, 0.16159040093538124, 0.22683675336398323, 0.1332238982492413, 2.2689502340226966, 3.5486911364307332, 5.3164323149150903, 10.771243771159448, 3.5772874765323763, 2.7955325401274251, 3.7954677566055466, 0.48531588127087844, 0.88941859497731457, 2.8195024792995014, 0.54900186878134605, 1.1962194146348111, 4.568996947371204, 1.4923045022194401, 1.4391110188673224, 0.46923087412673681, 0.6381517287252052, 1.2047496578242658, 0.94321993499133328, 1.0475067221987615, 4.3913283804664047, 0.081317861458160223, 1.4579293308504475, 4.7841980711784799, 2.2073728696932449, 2.8408075856323194, 0.18707634766815318, 1.1856327610852873, 2.9756745371289526, 0.41024596556718507, 1.9002469547116334, 0.24892027046251997, 1.5659466597667233, 1.9126168075009673, 3.4550461297571928, 0.43686873826908368, 0.6206137689021034, 3.1003279443283986, 0.20555743932601445, 7.6913459270550675, 8.5034439222392848, 1.0070927720194049, 1.6909823777629072, 1.5337523177948924, 0.75322181299981139, 4.6709990436602311, 8.9140472613268003, 173.19363537212126, 4.0597885870292885, 1.2939742959432579, 2.3681734349004842, 0.18258658157083119, 4.2958600042867374, 1.9843157820818647, 6.8273567129423895, 3.5022406382043982, 2.3597224916028381, 3.0885230868632334, 0.909116860640097, 2.6820198659618768, 2.4795792175908105, 2.1344125714062443, 1.185705505237479, 6.969883973198705, 175.13186724660409, 3.960830404568128, 6.0969504023678951, 1.3997717702096679, 1.7971262970349358, 3.1981850818657449, 0.40641772910413465, 4.3871440975723317, 1.7453079858288447, 5.4204563754124138, 0.19613316471316011, 1.1189547612611364]

