participant number: 1
10
2
[5.5979823849665991, 4.655016151732525, 4.8463521278646908, 3.9384389676816625, 2.9505827657128236, 2.151160951532006, 0.001915638328824798, 1.7434096466208189, 0.61994500754005344, 0.55940137291358383, 0.73373153567428062, 2.2706403131746526, 0.68243929829233707, 3.9445827624390404, 7.3230180326370373, 3.421797155950685, 0.58922009255536523, 4.3674080361940923, 7.5400774712554721, 2.4320722900034752, 2.8664228688418234, 0.2515446072536065, 2.4172867856661924, 1.8684592389992076, 1.5414180665649724, 2.1366887979405647, 4.6244126790140285, 175.80697183936843, 1.4908561284242978, 5.1725804210151409, 162.32774666655473, 161.07183187724064, 23.760890036595129, 16.358934755200494, 9.2281381083945462, 152.92561900944025, 142.57070946124361, 18.047865705468666, 15.972219890366887, 2.2413498825958982, 0.93265700205176927, 0.73509251656543029, 0.095254261475929525, 1.3795157974432186, 1.6004887277783268, 0.31496471686909899, 1.2098328097630997, 9.5947227567399409, 5.0360156629747337, 0.50893741720744856, 0.26088995868872189, 0.60034989108513059, 3.5816245990197046, 0.26205614098833507, 1.4502707901894212, 1.9665941177280502, 7.6638835042188873, 4.4175758020259366, 1.7008485820587111, 0.68012737840882664, 2.0665622690441126, 3.3955173785293198, 3.0312582271376982, 1.575543034320674, 1.2725699366893934, 0.92241904813641895, 0.95174317423334287, 6.2231760972556458, 4.0826212040890368, 4.3310273849901932, 4.2545078610177143, 1.6594639555581807, 0.41210132382622078, 1.3311413206419616, 2.4200408591599398, 0.94854157434264152, 0.8085172134159393, 0.17994934100238424, 0.81409259831900727, 0.28228857075447422, 0.75782578467146777, 0.3860154757811074, 0.0041779066630169837, 0.75959643833846258, 0.28275457897001388, 5.2165843264426712, 3.9377371873688389, 0.55000128419067096, 0.079071907389618445, 2.1947454558619484, 1.0715436597141093, 2.6553816172918232, 0.62510469000011426, 0.81483330394624431, 1.8774474422415608, 1.8277435468448573, 4.6480634531960163, 4.825036123362338, 0.19312102280309773, 1.5757027393711951, 0.27356950603137875, 0.46445103160266399, 0.85925091417686872, 1.8121374803969275, 1.1973993829135452, 7.492019566877218, 5.4315013061498121, 5.3648173186780923, 23.976003206577445, 5.8262096537087587, 34.299890363949032, 11.093591917063293, 6.8823927772244247, 1.6915622425502193, 3.6286589647463643, 4.7498773193456714, 16.491631623872649]

20
2
[8.0888803495811317, 6.4081291849087449, 0.87511206605151415, 1.2958584521460921, 1.3316484035560734, 1.4976992538913692, 2.428844442616878, 1.607036516305925, 1.6170560813049804, 6.8045156261298132, 7.71770122381173, 1.8540313720947097, 2.9650596800876485, 3.7959300804724307, 0.13365223465859799, 2.9484991410619159, 2.6277342837732931, 1.7186419620618949, 0.49120973106761312, 0.37663957074576615, 0.3043913013676729, 2.3875135316544629, 1.2560204721185073, 4.2960512700720699, 0.41723710382035506, 0.86903298952620389, 1.8737859192390545, 1.5804057291354638, 5.8004692930686588, 13.122679594948636, 10.787147706593942, 2.0593382097476365, 4.572139660559742, 0.35063354796500334, 1.3076930796073611, 3.1447981130274343, 4.0077009393974663, 6.6790387465418348, 13.039959295320045, 14.034152728895776, 8.0109839359755028, 2.554977494707714, 0.20117962425501901, 5.7811988201210625, 10.462565708192642, 9.5591092367153578, 3.4897461627300572, 2.6358545627635976, 0.99563512155344824, 3.3718054667727415, 1.0854890922361164, 1.7322064271025965, 0.25770647503350119, 3.3416777585397313, 6.3329952730167633, 7.4957279965527164, 11.306401232853887, 15.211022008065129, 18.000146435441877, 16.667303598735771, 15.260267489803823, 12.306278910372555, 6.7872350843357481, 4.2560213830566909, 0.67361947447852799, 0.50508809963520207, 4.2142938036721489, 0.59182677694030872, 1.1939337268594272, 1.1952986597852657, 1.4069260947087514, 1.857208551806707, 3.3584834395812777, 5.6589196820307848, 9.126573505086327, 2.6775016611398144, 2.6780966283640169, 4.2511245583156096, 1.9745396725432727, 0.37846629903276607, 2.5723640224372275, 0.98716633322186453, 1.1286924055266638, 0.91859815015737922, 1.1272141280036863, 0.19322167276482105, 2.4107322340321957, 6.860228060986401, 14.060202015092727, 12.18381302019381, 6.5293446678690543, 0.84586112095564658, 0.78481671692452437, 0.73134070867180867, 0.35117814387112389, 0.81124276717730481, 0.6540123775525899, 0.94839759689580205, 1.634177507952927, 0.74151934687188259, 0.0090183103171739276, 1.3354266135950184, 0.05452749690022074, 0.12621577613469981, 2.8570798905873289, 3.5173993448038914, 0.25893921228333738, 3.4832212875356845, 3.3571019829461761, 0.49344391920550379, 0.23332889918077626, 1.1472713928208691, 3.8699658376098114, 3.1847513357614616, 1.5789314730112665, 4.0912580707415032, 4.7027604831420149, 0.9597377084812706, 0.86485039216449877]

10
0
[9.5039712578845297, 4.2024898653369576, 2.4518593028292059, 0.90104525669065083, 1.4576397036086064, 0.47168767048424343, 1.0354011098267506, 1.826714858518244, 2.0249390218697272, 1.0894489992514025, 0.66644429282442275, 0.42197319538843203, 1.1764869880084916, 1.701210890672769, 10.861965085345446, 0.50455177101810023, 3.4935604990452589, 3.7120992940743349, 5.8677836972339037, 2.3849408486242964, 1.1485763172721022, 3.1715061306417738, 1.2684390880053797, 0.085934107724767728, 0.23339559798085929, 1.9771190655809505, 0.66587814066639339, 1.6951790596078808, 2.292651748147307, 3.964127985182472, 2.6239765759352167, 2.9636989343738378, 0.4465736859702929, 2.6756070937851746, 3.3874391056523905, 1.0963236343058043, 3.7413315718179661, 2.7117343587684672, 8.3359553583538286, 2.1352245734243525, 0.050960805861791414, 0.35700310222688358, 1.1327970084196295, 7.9730730029958181, 1.5233205854638072, 0.9942346272167697, 3.6233514234361905, 0.059453414745235023, 0.57580044511814776, 1.304938722473139, 1.7426544792200502, 4.8302938936079727, 13.592412441779743, 9.4190416909522696, 5.5197588231432633, 1.2409324830432524, 3.5922022405545704, 1.0816630562350724, 0.08339244157025405, 4.040700471090986, 0.7178974236413751, 0.44168515405567632, 0.29083046787116018, 2.1780548031863418, 1.098941026397938, 3.7053973120674755, 1.2634212744355864, 0.45477719447592335, 0.065160842303384925, 0.65602072724482241, 1.0058595951404072, 2.1055201907224159, 1.1595118632790218, 3.6324452238674212, 4.2483522831200276, 172.42444599276104, 154.27916751660024, 141.00840867829169, 144.91029113519824, 29.340443588521168, 26.447499341510706, 26.2770410382725, 121.45976995958915, 102.18016450168727, 102.34126573868303, 51.863655025559297, 46.420600064672783, 51.930927303747183, 71.565645665651004, 76.627756848324225, 77.246404122331455, 68.3282413749846, 44.356361059490013, 35.369694412462025, 9.602814824463735, 166.59771419811429, 153.75584078356937, 155.30710180456765, 165.49935928506167, 4.3351447762686348, 176.0859155793413, 7.3679627461178825, 29.181128172572016, 56.50864984383486, 81.910879366748077, 81.20666362140048, 81.534772343742191, 80.580642096168845, 74.176806342777127, 60.409412638845367, 54.539594710430038, 49.260692394414264, 35.277137886718663, 26.916702960037014, 16.086605225705995, 0.87781948538972188, 20.741265685583727, 33.393530400118522, 38.520950058949836]

10
1
[8.8977930028655123, 0.82472585144688537, 1.5650788042332806, 1.5855983055307661, 3.8363504927806673, 4.056595959148666, 2.4471485876397026, 0.99610915835731362, 1.2790734803042483, 2.0957740316665081, 0.0046104316018897862, 17.207218977137927, 14.084415564678949, 10.791905993536233, 2.0328332810442475, 2.1334155127629515, 0.68314565027861818, 4.509395141518354, 2.3461261354570127, 0.73376768863511188, 2.474497899969208, 8.2628051002767506, 1.1639915495238711, 2.460646606223861, 0.15370863716475469, 1.5536079726737739, 3.237812692811076, 2.6319131256381354, 0.72645478333112123, 2.729053110791483, 2.7356795656855581, 3.2615222125139951, 1.6964157605309254, 1.1150966881595252, 1.0453613467178116, 2.3403718323500584, 2.6093540059619613, 0.052690766526382049, 0.59318366168042758, 1.0896421021817559, 2.9548642965727652, 1.3696214483529161, 1.9233083119097785, 2.8815058748419915, 0.52282487557994273, 3.4411541527621807, 2.4646384184942747, 3.617555170778104, 6.7655274419310274, 4.9762548706386269, 4.1449026315881952, 1.8352879030838949, 2.9192412208048495, 9.618085830975474, 4.6188007321542273, 0.50835073470193493, 0.37819906729691866, 1.8993248463285681, 0.1655585390495844, 1.25486253794503, 1.3709954006861835, 2.8453515850861493, 0.31125155400829385, 0.66269002173748959, 1.2452136305590216, 1.5726081081343466, 0.86243431363214995, 2.739491795267611, 4.6731301183012306, 4.2542547944029536, 2.9361515666510627, 0.49089435672937043, 0.0088750089551012934, 1.0866870584721369, 1.5084026977721123, 0.75842324312719711, 3.3175194985530538, 20.185138111185211, 3.2193049485269398, 0.0055242989745352133, 2.429349269167119, 1.16732486683145, 1.983085731208007, 3.6009217081422946, 6.2972969563521701, 11.188292551482789, 21.177043092669436, 28.024510757313351, 29.363727424950071, 29.646284664973393, 34.138169149350347, 44.658349819985006, 57.916182219995733, 66.358679582928232, 67.742957964932202, 70.53238286745227, 73.069438022116287, 56.020704687862064, 44.715081684929601, 47.787828198088334, 56.944354915678105, 62.859494754820503, 65.216296652083429, 75.221212203942287, 86.906768629256135, 89.566658772738151, 85.92703870009791, 59.859523466506857, 19.596855145751704, 2.1572981290420898, 28.802153345830334, 45.874333665211822, 50.574265855022787, 55.982199010514819, 49.474913292180929, 32.84131028888018, 13.147845671299081, 2.2112043715397931, 16.86832404071356]

34
2
[4.8401742370698742, 3.5282856654532395, 1.3836958713954459, 3.1563882376963761, 1.5824828990302535, 0.11357748175490201, 0.002441232712612873, 0.34941055459924542, 0.28775568315751343, 1.2061213724188633, 1.2741070683433406, 3.4642822383260921, 2.1263287380230622, 8.0124747750776635, 13.718045546473718, 21.112999613207478, 4.5996859380468322, 1.964848784282708, 1.9686808369490336, 4.0585998318440488, 2.828921170398246, 6.2311898514385007, 8.3299545599825819, 3.8353344755672651, 2.5116231083362095, 0.57502023779551337, 5.5559859476143174, 2.7224297980198457, 1.2356090299762172, 1.8737964104169578, 3.7370718373915679, 4.4222496519458332, 3.6661087297798645, 6.096517827254587, 3.7423358802959399, 16.104379923689834, 23.883296956170028, 12.783330069822682, 8.6485964538022131, 2.6738127331927899, 1.3161818793507791, 0.10169208978300048, 4.350882599063425, 1.2573009717228274, 0.78413784237341133, 1.3336411312375844, 0.45270139151114108, 0.27729645460556185, 0.56947115793087733, 7.4134754078746141, 165.54201648173171, 158.66653808640177, 5.6027520774978257, 3.4436704342201665, 1.6181424337185035, 2.4343685585633921, 6.3838417872420337, 8.8350287660147728, 2.5854549780644334, 0.81516461004633811, 2.3441125177564572, 5.2776619135919418, 6.284685099632668, 2.8125021781212354, 0.64077907811144996, 1.742148744500696, 2.3212407382467859, 9.4408532257177171, 29.869482449920952, 45.599936008843144, 24.726810027357203, 21.982399940333153, 9.2779966980884012, 4.1805368754975234, 0.50644981734899375, 0.31721444253548725, 0.8160564934279364, 2.1968901025318246, 2.1818121869142715, 2.1320728118528791, 1.9043098983577238, 0.7723701164185286, 9.7942586587073492, 19.617277737422796, 27.035156502766142, 33.597196880624153, 41.668157436339584, 50.006743675153132, 55.902107997482688, 53.485962944896414, 43.746411093070265, 41.690215590945229, 47.052566927580813, 50.566418808367473, 65.206131498886492, 77.775720388943625, 78.460225629115655, 83.725449720244939, 78.031843256671721, 71.998273145332178, 59.992877395936091, 29.78279419310735, 7.8276883406296633, 2.2880318971052134, 2.5613756240294947, 1.7295906465893722, 0.048650432396073029, 1.1522888832038802, 1.4045596007812833, 2.7961733708634711, 6.0267978370283686, 1.9390677693912153, 1.2124684092906932, 2.2785974243122382, 1.4885643009166643, 0.76644098883917877, 1.0341368986927932, 1.1411453411654691, 2.927627399709877]

34
2
[3.8154878919251871, 0.36951040998275175, 0.047308697126652532, 3.4393952473979255, 1.1865149968897981, 0.35184014861587798, 3.5138060101850783, 1.025552391106288, 0.64350296615103275, 0.89645177540970167, 0.82800594580598386, 0.50608782254784046, 0.61013746203019537, 2.1565519300647793, 1.7136171034829317, 1.5459754446840179, 7.1163670866604321, 6.1947736012443784, 5.2252075081195812, 2.1544957472157762, 3.4452112351006576, 3.3273102092252884, 2.6882032286278559, 0.47038088508531928, 1.1287006608963566, 0.010478116253466396, 1.8990271607208911, 4.4157581074115342, 2.8831283788002793, 10.947834972175315, 152.49294893278648, 158.94072157976677, 5.4699219941845172, 0.54092348389713152, 1.0313107365396945, 3.4490939796685893, 1.6558445096649166, 0.12752383545159773, 0.64198397968010568, 1.8270166219027146, 10.461257763112314, 11.420875071027808, 4.0542181350378996, 4.6003205564767882, 0.7289472465870972, 1.6258673707453113, 2.5178921756246382, 0.64301066812862473, 2.483166743437323, 2.6838741046448149, 1.4826597121642635, 1.285989342541427, 4.7755720961081636, 2.5802049026889335, 1.8049521742317722, 2.8843229234286127, 9.4131599878360532, 3.5579775677101111, 2.2631883866725957, 0.64926063207525431, 1.5078559853690194, 3.8188087989000223, 0.40431351837258944, 4.0065993163028111, 2.4130670805083128, 1.7843996671496711, 0.022029597963978631, 0.59750677583411971, 1.5410695851079481, 0.14257873366727836, 0.69142806506829402, 1.1035084825121544, 2.4679289567109777, 1.1666425659154811, 0.8475877486043828, 0.17754047014472008, 0.10007816023323812, 1.4532523670982869, 0.2028795546971196, 1.5301477515827742, 0.38354697094371204, 2.0718790215195781, 1.1355074078349503, 2.5777107071805858, 4.705968174457098, 3.8896318051946537, 0.19090714509729878, 0.13383084348464536, 4.5533335850701633, 2.8049542208220259, 3.8634079813824656, 1.9071690649450375, 2.0660643524122406, 3.6560580174412962, 1.1825235884015228, 1.7173671136829398, 0.4235634709026499, 5.3648267601593602, 1.0767645315589789, 3.1183848435104835, 5.6154230092268165, 29.283486210969954, 18.48670852205791, 2.4251563563597074, 6.8296250695651111, 0.58731892578575184, 4.7520210240445238, 0.1335299929059488, 2.0931826558148146, 1.3801907281023489, 0.7356887768913225, 0.46221187376346506, 1.1402840680840995, 1.8766170998319467, 3.1292881792282401, 0.18782908698756273, 0.90846442781827363, 0.14980042239685076, 0.53066962543380214]

20
0
[6.8478638255813848, 2.7112712758328712, 0.31066227753632347, 5.3907184237180843, 9.9492503773668091, 3.3059912005075489, 1.2825296629836487, 2.2283467878295369, 2.2165022342307168, 1.8410877200225002, 13.092293858429173, 15.168628447442188, 13.386808836840004, 7.7024870248764614, 0.96376970025985997, 2.4725190423403092, 0.56558722216766455, 0.27409197874004576, 3.1024606001897155, 1.0714655658312608, 0.40775011599356503, 1.8138484608292345, 1.6779201267495409, 3.0778952861043365, 2.1701392693057358, 3.2863595562037062, 3.2252095534156524, 3.3916681823466774, 1.1327842967922379, 0.27893552359682872, 1.7248393968129676, 0.2764479164346767, 1.7986311031105515, 2.4270972851550709, 4.2879380728315368, 0.32664020737229293, 2.3788075939484088, 0.75538799978750149, 2.683517411105754, 2.9980649792532859, 1.8592120140912414, 0.41923538384048697, 1.694925021443396, 1.851699042113836, 3.0689702544671036, 0.6968496068386969, 0.90854981559806447, 1.0544081559214931, 0.83665119276491851, 0.036186982935106471, 2.0361658833641627, 1.2642876421669484, 0.97236008548435393, 0.040046677201445391, 0.97306282626956886, 0.32860286447049702, 1.9153986393125706, 1.8915668659575431, 2.8237591842656684, 1.1062168282163611, 0.3707135421453529, 3.488869034966342, 2.4066285646492815, 0.55701743035820073, 0.27397276571400653, 0.79096816947065918, 1.3835603250720396, 2.3569664381966504, 1.2645996308394274, 2.5842401207005992, 3.6478947633204371, 0.69893579509073334, 2.2672246191544332, 1.9251068685962309, 0.32288619485689196, 4.0172994987306652, 1.0328373491034313, 0.42674457506535646, 0.55691658510261277, 1.4918553446044029, 5.7524796027641969, 2.9031267771086959, 0.43026945917091552, 12.441046060352335, 5.1499065945919824, 1.1169623258414276, 1.5647818485437028, 0.64349361276543959, 0.50919590744638299, 1.2390551803122207, 2.5380171647061616, 0.28699242280890758, 1.1712039805831864, 0.048520973729239358, 0.1870445592525698, 0.90777298890941438, 2.3620190169580724, 1.0049369117182323, 2.25520962418625, 0.50237616427102694, 1.6395691831457953, 11.137210517551352, 152.5074043287683, 149.73296778744253, 158.86170379585735, 14.767719743026646, 3.8686277148333943, 1.2678248064268018, 0.12247924644930208, 2.3291908745048318, 0.84934631566216012, 1.4680271748990208, 1.3932898757258272, 0.52994661754735262, 0.41869511209438315, 1.3499740485056009, 0.67229038105455174]

34
1
[6.2274236711323567, 1.2823081208445899, 0.81900399819920722, 9.9123928389115008, 4.6094044110083132, 0.99108972676503981, 0.64628531727595373, 1.6851763372847017, 1.569664345091013, 8.2724914464119763, 0.61466196351486246, 0.044895624530568057, 1.7534859063608792, 4.7732922780932654, 3.6772031082754495, 0.16162310761245635, 3.1892439958906209, 3.1177398792296174, 0.17357432066407341, 0.94948246902455935, 1.7326158447095281, 0.82791473375888813, 0.69430429163219287, 0.73206840768455095, 1.7648208722658865, 4.2388655871837102, 3.0535249540427571, 1.4220336169867664, 1.9471045585461297, 3.0715096445798338, 1.3861826681097682, 1.9283580610227773, 1.697928592380606, 0.84467072942936738, 1.8366392573562962, 2.7419994922255455, 1.5109418740503315, 1.0005030641464145, 3.1876024025912102, 5.1716308169969807, 5.6040592783030547, 4.4573299952929233, 4.1470047511232906, 5.8492643705717455, 8.8629488038544082, 3.801059564508364, 1.9609819536091209, 1.7916130170569886, 3.8562888977564853, 0.39597236336862807, 2.0935029192982029, 2.1419768231771741, 4.1688277930874165, 3.8641099557223129, 4.4159522893968415, 1.7651337620627601, 3.1222648567182887, 4.9074583832240251, 1.516862216596337, 1.364958467684005, 1.2500262046996227, 0.75066634402406862, 3.8074088871033496, 0.22863208998222717, 0.50860740911426205, 7.8045616545584551, 2.5836231227020789, 2.2153891550462959, 3.0812452400855364, 1.81206133962678, 1.0262781573129018, 2.2604304466932206, 0.61097773335251304, 0.7081648514314054, 3.8327888795348883, 2.9187896824735162, 5.8671981109710032, 0.38652836418930292, 0.73330121828618644, 0.43018743760904954, 1.0978976352494385, 0.10115377231204548, 0.98169650835768607, 1.777617143423214, 0.85032863363682054, 0.00093431307996638679, 2.599015194691674, 0.33072930113979737, 1.4890962399765328, 0.24681418914258302, 2.7545359748377223, 1.3738370537816422, 1.3535385472275152, 0.59184930666589253, 0.37571071516572374, 2.0852510728466314, 3.0813308142193137, 0.32862632462041574, 0.13887762277266802, 2.5474826329886469, 0.1895524249484879, 0.38637437919206263, 2.200150009963977, 0.70774746026586399, 2.6280475014570186, 4.0292928080991146, 1.6223251001301833, 0.62151515864604789, 4.4720511093480013, 6.2289931374631067, 0.77187855657106752, 1.4274960370874226, 1.9189003148177619, 1.0092166575090573, 1.6652833196937991, 2.1137464522780078, 3.436853976457769, 2.3379775362681698, 1.5457264074995294]

34
0
[6.9672596946937233, 0.51443415735354847, 1.6979446711033575, 0.3921680455424621, 1.4374589853300677, 0.23501116620951734, 3.2430596525622377, 1.2648502605383669, 0.61177715633806429, 1.2896174078721003, 0.49653238688694046, 0.28620286897123037, 2.8479011105274026, 2.1062302111796498, 1.1725103317767775, 1.2824933534401737, 0.39467620899677058, 1.3412878855958184, 0.41495442006413441, 4.5778674517731019, 1.498664399133645, 1.4478440970571569, 1.9290194342300993, 2.381351799028721, 1.2775153171033367, 0.071340760623741062, 0.15174017016079233, 2.4415886600074259, 0.21420195222088978, 0.8988926571487923, 1.6435599897930047, 2.7582058578898341, 3.2249607574834727, 0.17265063893296428, 3.5524483037744403, 0.11601740543414962, 0.35596836513775543, 1.9171586638393023, 0.26827730371758207, 0.88938294190319311, 1.9844108843715844, 0.63098968736574079, 2.0486214141293999, 2.3947010970185829, 0.96806990760876488, 1.6621491756012574, 1.2333982002317612, 2.1708347037158546, 0.8884579560294128, 0.43844538429661384, 1.8633618950321988, 2.3809401234433665, 2.5350240314079144, 10.748839283706133, 4.7458794891009006, 1.6889368884325222, 0.10326615384821025, 0.47742046651109149, 1.4929954347643388, 0.21297032747656885, 0.12671953643041434, 2.9877246841328997, 1.4343693409318803, 5.2921524731218597, 4.383897393820007, 0.91970349268422069, 2.4158520199437135, 1.579707865305636, 0.018613449863892129, 0.97180801946836937, 1.2404417417911873, 0.26014505713965264, 0.81550248100302269, 0.25780665744048292, 1.5584517127651338, 0.41810218679620448, 1.2764564122282991, 0.21089475845928973, 0.72696657885933291, 0.25064013869908308, 1.7284249772929456, 4.4835164944651069, 0.4183181220425638, 0.085321685260254299, 1.4555966134422818, 2.478358248764323, 0.074827509333658782, 0.30229011394862937, 0.93382565156764485, 1.5819947684378803, 4.3676401670385303, 1.7300889733991767, 0.057708782124905156, 9.4489366868191382, 0.89518912814486384, 2.8072099611966905, 0.82799505243713156, 2.0250524865558077, 1.5663311417295063, 1.1491831854967813, 0.73779277458504566, 1.0771064112923341, 0.69373046589561227, 5.0508022864047462, 177.2339389560093, 1.4022846623111036, 1.5087248843215662, 1.0697315533624874, 0.83812091984725612, 0.7767497761117852, 1.4794612317622864, 0.80050163670739494, 2.718376049516678, 1.1002648707286085, 0.42722170302761242, 1.7572655620452906, 2.2319804820608624, 2.9377714315486401, 1.1905146262641892]

20
0
[9.9229622207733712, 6.1665382949336163, 0.1250937774977956, 4.7000476579354995, 1.186010690158696, 9.0630609841690273, 2.8103239999080074, 5.8459518179431598, 11.218459477338797, 12.742503198183499, 5.4050814644272123, 0.59598070668363334, 0.30932175874602308, 0.86631197175952934, 1.9463325705241346, 7.1254031189236287, 3.1202548886201384, 3.4083103545992799, 3.9569920287045761, 0.19761831464390411, 0.18886374019837149, 1.0494529741953897, 1.2464521394966823, 0.95471477885843115, 0.56815824829874373, 0.56900127673972634, 1.4805894224895155, 0.76062267206077649, 1.137797071240584, 0.81627002084894684, 2.8036877225135868, 3.8078126722116963, 1.486264753252442, 2.0809985658152641, 0.055111351474010917, 2.8265100966952446, 4.3948188768201817, 1.0374492559520831, 0.73590570375961306, 3.3622043756271864, 2.0029178940901602, 0.13695321112243164, 1.2024487660955288, 1.8690966077839164, 0.29221203089005598, 0.71992134474874092, 2.7509777623754417, 3.3333334643461967, 1.0701185009924927, 1.5575965586827181, 0.61977582494711214, 0.62567342844022278, 0.66060321270634859, 0.94900864094699955, 3.6709433595594305, 3.2672194095264331, 0.4079781873946331, 3.6023195402934505, 2.8720506783092787, 0.23960032053344094, 0.25643415827636318, 1.6057991044399955, 2.4080176846504742, 2.5833235499084992, 1.0971160024531628, 0.10135325576462151, 4.0425910881199343, 0.22170106620956176, 1.0273504207058011, 0.79931768447124796, 2.4177307767292575, 0.64213881276748452, 2.4429552658697844, 1.772793620361881, 2.1020743853364081, 1.5578759799404907, 0.96212017947857476, 0.43761157395417172, 1.5220383743134107, 1.3169723897682957, 4.8910734289487436, 0.78071815616738149, 0.87997230240901558, 2.9597828426353772, 5.8594241874809541, 7.2620403132696083, 6.1238891351343341, 4.2832580923518435, 2.6480892500047446, 1.5971968777795098, 1.4196653271517903, 0.29482859938019601, 5.2661642664719466, 6.7565548456937563, 2.8569767223005442, 1.2164014789831299, 0.029709156103081114, 1.0262335313328208, 0.86335770449170468, 0.73317848538920316, 0.47784822845784447, 0.20944184801970778, 0.74881803251611245, 1.478552679112795, 2.3646438632542868, 1.9481129327044755, 2.9236466576954285, 0.82810070092415344, 2.2695548962056478, 1.4646287462352348, 1.7314618296381923, 1.7574151095150228, 2.1925243195529447, 0.5676772520502027, 1.9075426708733403, 5.5668595557348226, 6.9848661850627423]

10
1
[5.1427711120026345, 10.041715361728109, 6.6790872259149978, 3.5861519402436102, 0.42952023642803283, 1.6455405577848694, 0.82028524254434387, 0.93962303760241639, 1.1046356855131023, 0.16630079711222834, 2.0757738133041528, 0.86845706842268555, 0.5361224976065273, 0.62145778348110525, 1.0946139596557032, 1.5790567669284314, 0.88134768857156587, 0.53728485164418771, 0.98576137349027704, 2.6965278467149005, 0.78806372661705382, 0.68592003519825084, 0.61147766497867906, 2.5483421252025664, 0.58387774060088304, 0.93758049223890794, 0.76137860283540704, 177.54091873198206, 3.2467874840418744, 1.6559064531487024, 4.700904789994695, 3.7643481862679664, 6.8907917997420327, 7.0212487476479737, 4.6321098614970424, 0.57567615552903817, 0.41689554540442941, 0.45877549884949076, 0.98110019850508934, 1.062182204016608, 0.75150887585584769, 1.8545677073954039, 2.3729065347579308, 2.8223175368947864, 2.5726523811476909, 0.30787976260938876, 4.0286126766080201, 7.9009971073286351, 0.94905210882029678, 0.87746887463612211, 2.5506560565513041, 2.160945940090528, 1.5959630712919761, 0.84571940097248444, 3.9227473576436296, 6.2076640539904702, 2.024498189991391, 0.090065017529582292, 1.8852013620042953, 0.51554898952895201, 3.571584935659871, 2.0520557685235872, 0.54026024706877251, 2.4740912250685199, 1.5806212421817349, 2.4394335972656904, 9.807455248502464, 12.560818819559017, 10.950123654900835, 7.6517339061759913, 1.9505454839559775, 7.7901561353898785, 9.424545624388287, 5.4083987598308454, 1.812549625108403, 1.2599622413363818, 2.0265552450047437, 0.095007414022461489, 1.8429128051251382, 1.4270896876031429, 3.8773294746230249, 4.8634803347459297, 8.2708718413677786, 5.8684812444147099, 3.4800806005393383, 6.7488802394381651, 0.37199520464685065, 1.5862239306943593, 0.36187656019475867, 1.8749057093310739, 0.17711789976920045, 1.3060755647838107, 3.7702692671575733, 2.9564851443381315, 2.8753787417107333, 0.71474893851356569, 0.41470208625216287, 1.7141564026704259, 1.0469754164519998, 2.0974892723783114, 1.4484158155807165, 5.5829630510050379, 3.5383899365305638, 0.28284165732691235, 0.64383396420691952, 1.5114985392715994, 0.75203342126309281, 0.53681268413026828, 4.5927596107129602, 0.44469402093488952, 0.72095712331702089, 0.56081228236365632, 1.2054202078069807, 6.4188496753253048, 1.040322045227299, 0.64144302874387904, 0.83944713416337891]

20
1
[9.9315052534298047, 5.3654727352396208, 1.1564885262168616, 0.79955778657731003, 2.4408514078718895, 1.6602862429062952, 1.2180302780672605, 3.335186274361547, 4.3561567297530246, 1.9570979523469987, 0.29031951630315689, 1.0426421850866632, 2.5886077955760527, 1.8530727976948356, 2.9910180220309712, 3.1120362017157674, 3.4332704414783848, 4.5544377174521742, 1.1622649306418111, 0.17522096661525666, 0.12865105192960868, 2.7465691495683586, 1.1392333225792015, 1.1698026467311422, 0.44520131886233116, 1.1148438314281748, 9.0085828092666134, 6.4958707730386891, 4.7297130078875398, 4.2794203765737393, 1.7814574312558307, 1.934788808901061, 1.509729838839462, 1.8160050837393555, 0.2775129766387181, 0.25672265220458712, 1.5578311823587399, 0.36421620168061963, 6.2414721614925384, 0.098163124499933474, 0.24357561900092151, 2.4441402246819735, 2.1887901445727778, 3.0786543154980563, 3.0646795609729338, 1.5543463714809889, 0.16389371362356542, 0.85222269151893215, 0.88300275392862204, 0.27511295954934667, 3.3125294111864605, 3.1913766206545802, 1.8779939812030761, 0.85338152948065726, 1.9996119215113595, 1.8165919377253772, 0.98819981272242785, 0.94750855222855535, 4.3063922378875645, 1.7867907580634892, 0.089051441752417304, 2.6206721902353252, 1.5874511647652412, 1.2916508817779686, 1.3747054301597927, 171.37149321748268, 1.6193440005843058, 5.8838249291641205, 9.7523432562049948, 1.2583745735465754, 1.573963297305454, 1.9304330617154619, 0.43388569848229963, 1.5758297511043224, 1.9188505683717949, 0.11958407917381919, 1.489526013290515, 0.91675510669119831, 0.15696375739076984, 0.28647255718328779, 2.3387089910622763, 0.52823479806363594, 0.72683917726817526, 0.41257011666471044, 2.3109919826542296, 2.1606033052819953, 1.8733034807686408, 0.28934579358639212, 1.2359992215885995, 0.6122818154198626, 1.5064271105143803, 4.1290789934823238, 2.3359233666830619, 3.8476517589550099, 2.7559990887157824, 1.9486932511959481, 0.89640099787601457, 2.4050906183582015, 0.14912807680877904, 1.3566267998650687, 4.330166149633726, 6.9958448324193228, 0.37579991724271622, 4.748803249398577, 3.2173650031429588, 0.085752533543370646, 2.9927077830027429, 2.1015658797931565, 0.6574117122863754, 0.95260499750150984, 1.2608750838826381, 1.0022815992626875, 1.6824010449271327, 2.5926286279349142, 1.9288318289614494, 1.5638200183422555, 1.2200120891051824]

34
2
[5.0829956832366747, 3.3309194684328531, 2.076024083777213, 1.2496851893152154, 3.10595960627262, 0.55484339311814779, 0.71036009237653275, 0.40999073986520784, 3.8628530204885578, 1.1796219271878385, 0.35689781329168113, 2.0190969261083751, 4.8040463017064212, 1.9640539690446417, 1.9273369685012653, 7.5241929321815064, 13.937925745102689, 4.0457573747119682, 0.54003892819162047, 1.5470788442916046, 7.8581649940453815, 0.57101181390271449, 2.6207207369579919, 1.595575161981742, 1.4363257698813641, 0.87261903304175803, 0.750809509839371, 0.47319148118941712, 0.99359650505266472, 2.2337249239750463, 2.9648434391007186, 1.7246043621161107, 2.1954525336451525, 1.0251072087827993, 2.5246412714378721, 0.61994890015813553, 0.69447611895236605, 2.094020745755472, 2.2060898300205167, 1.2239883927564392, 0.36886343425430823, 1.3311570208583134, 2.029588349549897, 1.6977426682170744, 2.9526178084659591, 0.74464447718816018, 0.52662025173532356, 1.0192063184526887, 11.513019418454064, 0.044844816864213044, 0.53048858625584216, 0.68744293481950081, 1.5720961326379097, 2.8724963459809487, 2.3920970538289339, 4.7623358215918188, 5.8823332618085828, 3.3332566546907287, 1.9511602775471601, 6.0890998459864818, 3.8980472826173127, 0.66422294614363864, 4.1757019555283819, 5.4285626817083426, 2.0258253610210204, 0.092209498016416092, 4.7855842481831132, 1.9596602901369806, 0.40640888917977236, 0.5285342076086863, 0.24230522662890053, 0.96402507640664226, 2.4899333219802884, 3.689627848480086, 0.47180452392001371, 2.3307564621543975, 3.0390436878116134, 6.631400393323986, 2.1393219334231617, 2.0646391632212158, 3.0698547784039647, 3.4204253165357272, 3.3809723008266701, 5.7762408256272693, 2.9623917604283179, 7.9143944389024341, 167.81946598898361, 9.3283979469768497, 4.5959743114378284, 1.7163055683413972, 1.633531198834703, 1.4418241882208349, 4.3184893474473824, 0.7498059674192632, 2.8725992976899875, 8.7041806195530853, 19.583373244638665, 28.628987074088741, 41.040908341936358, 52.001976790372737, 47.593820908799614, 28.831972431686665, 24.921830399875716, 111.82665747497691, 100.78991546651974, 94.647904773314337, 98.165873565779748, 103.5979874536946, 109.70759865094556, 93.906051194935173, 75.631300788647764, 62.772370192677897, 55.223582275758361, 47.463494002127391, 34.503035651585037, 27.78416013345327, 41.105843568790078, 66.198130356317904]

20
2
[7.9484025211951916, 1.9870889936069318, 3.7256879343273113, 0.63489313900558386, 0.42362122505039679, 1.2839882389708919, 0.28673926330327504, 0.31757540530117012, 0.44835500909255188, 3.9598893222488414, 7.1981327111188307, 3.4741763787738478, 4.7577362167153865, 12.469192850527804, 17.020477197134312, 13.073460869337595, 7.3098580072688719, 7.6523196463740817, 10.033322294932418, 3.2995112420614419, 1.4682655227728105, 1.8362459760162437, 0.11896030342634845, 0.042521090849277243, 0.68417335449623806, 0.56741176235462376, 0.56944377245571332, 1.9897297038695569, 0.83894259333970922, 0.56806644382029958, 3.9075436584807903, 9.1148598147295843, 7.7108366480734674, 9.3995519607991014, 10.237047360487963, 5.568218769992427, 0.68584967002414032, 1.5438580727924318, 2.427922211453108, 7.9439567930843964, 8.576070706584062, 24.737789406943079, 40.642073007669183, 51.424812821753051, 58.276396601402894, 41.236252582169413, 37.110004692452861, 41.403854194478015, 53.744761213435595, 36.60089752140135, 21.151389886901939, 11.082325937750056, 19.81323746647729, 2.0471008621884721, 3.0661158555205361, 4.5523066511698289, 0.084653454629574298, 4.3415729675776902, 5.2438929177315003, 1.0678067562589604, 1.7656628928739337, 9.2898964880004087, 13.235531151775945, 6.1965176634712407, 0.94065331164870258, 3.0040209966466591, 2.9291059987228323, 1.2178438628578192, 2.0836343165086646, 3.7083236833871069, 1.1640786707474149, 1.3390979385250716, 1.3001168793301474, 4.2090041636306239, 8.2272556671632628, 4.3881683694928029, 1.2540086653859248, 2.9954763934563289, 3.6777993151910664, 0.70709628233865374, 5.8233594081479225, 1.3387380116539589, 1.4590489950243182, 0.98204565519614562, 0.15583557206355181, 2.2508121121602187, 0.20554407431706068, 0.093282792267530112, 9.7192256401091015, 9.3768206572387385, 7.8138326315221889, 1.3526015134448812, 0.44642504299008579, 4.150195021711852, 5.8273338804973491, 4.3743512022423374, 0.11180770105124793, 0.23325145208679032, 0.99010566000026756, 1.2229003402922558, 1.7338368990298818, 0.14544151482266443, 1.948279044109313, 1.1440658238840911, 0.99722736463127148, 0.57625687194121156, 1.4555221241268441, 1.9170599210452224, 6.5323845838707939, 3.6986965843109374, 1.3549030900836669, 1.5485166566447788, 1.2563650648804128, 0.40622292463626763, 2.5491998281243013, 0.1761903340459412, 1.4310595535901598]

20
2
[6.3826193899200803, 2.1775201626091985, 0.53515089837762275, 10.684119306380069, 7.3277715899976954, 2.4176052926065381, 1.7554828384448342, 0.66082927915243772, 1.7285670739474313, 0.46032222508347331, 1.6506020277408595, 6.4501339707139209, 8.4489183127068941, 5.4899764397385411, 3.829849612111218, 10.498785901722613, 11.898085026522892, 3.2884148078165936, 2.1970480336864284, 1.7052582637884939, 2.5441289159777796, 1.362843159493508, 1.6539603533589684, 1.1065414846616477, 1.0316188078851951, 0.36188855539609222, 4.1456067664509533, 5.2260537215188378, 6.8339288035512027, 17.84981997134733, 23.567605670212231, 22.018673301311793, 10.840504358052925, 1.2062257047736296, 2.6350644935000958, 7.083239516778292, 8.7317046429284346, 8.4854509803120095, 6.5649115083690504, 2.3640267605032079, 2.7727863653731504, 2.0351496228961139, 1.9272741858808047, 0.29790224659780051, 0.45285343556849966, 1.3185433169240355, 1.1702666813504266, 1.0277544189801802, 2.4069013849061776, 10.00618069057208, 14.372444034864316, 2.9165834332322333, 1.5239155014833159, 2.3899478480498146, 1.8412721360021465, 9.5602915580768411, 15.734691556232519, 28.844370799378794, 41.181207891194504, 46.032199778895915, 29.604010330008748, 25.940235999362756, 48.054082312202127, 71.067128167591022, 84.167742986998405, 89.643718027461716, 92.795066747734268, 93.626989899032139, 96.232813187012596, 84.482183573831549, 90.486130422796577, 81.48874100017423, 108.23724157120438, 121.73764211850909, 92.835385230280849, 47.197120491970622, 41.709115306777733, 53.716934199907257, 45.706101607372261, 36.767174305529352, 17.60999757072193, 175.55932771436784, 170.17850070621023, 133.41227571815784, 107.65619493164434, 115.17956937916927, 141.8146616115107, 161.28045825823204, 166.42129600735194, 175.71998476167028, 118.81449866381706, 65.243041290815654, 36.084709910226366, 15.898805833518054, 13.134066086074654, 31.583859031437527, 43.142129777945769, 45.516137439581428, 68.829200677343778, 72.136772505040227, 57.910333545980109, 64.484259561494468, 78.011225528469083, 88.697790332536812, 88.028961362253511, 76.939103896964241, 67.111785097885615, 59.325327749082135, 49.550730281155637, 31.50420717954438, 16.386720373480387, 23.73003453011637, 2.8030999374358316, 22.661950180651161, 5.4685057966545401, 4.7341753835554528, 1.3111438559752742, 0.6017443632317736, 0.78330031138557388]

20
1
[6.9074700768131834, 2.8627942789969438, 4.9682162184251979, 7.1875698619086279, 11.232744879463326, 10.180840099467247, 10.811198407262935, 6.2487400538039992, 9.270868837624846, 3.8472284869714599, 1.9710313299377447, 0.36801897446707699, 2.3905147275326613, 2.1054321175273287, 0.85741801105089621, 0.95133198063615509, 2.786651060636359, 1.196686766639516, 5.0417946574661698, 18.904691773790177, 36.47602663815519, 57.512124983542719, 71.017691904555392, 77.58493794022263, 75.775845694663161, 84.302359630231308, 107.28586351096504, 123.52864029929603, 132.31844977761187, 126.42887266935125, 109.53232148557117, 107.60924762204525, 111.64379898995153, 113.02715655864557, 122.36080981903393, 127.36138420962442, 125.91553454712658, 114.87801027516662, 114.05692173163152, 115.95944179852421, 125.63596691890996, 148.1740605197312, 171.78436954585055, 13.204426470031308, 35.836390307052909, 53.994344184043371, 58.328664213773664, 57.523411321468245, 64.109788045774224, 50.757760195020751, 31.069169232926242, 2.3713225811536631, 178.93321473794009, 176.50032254409115, 11.490025035195288, 32.582397905852304, 10.278260711597966, 157.23590611951863, 147.2503638276936, 142.87313538669866, 141.36176147322385, 130.1723549063712, 113.99844346368633, 117.28335951795384, 102.9459407077797, 84.606796369820188, 86.590502654079444, 106.05263640523964, 94.052130519006539, 46.509316357941088, 22.904187586034141, 5.6727553901954479, 154.33876106520745, 129.28315926151174, 110.82049781185862, 89.912401519643367, 76.8829526145052, 55.84200853417326, 30.693061767833342, 10.654651420788014, 4.7122970089162095, 4.2479443497686589, 0.15167943001785034, 0.27797322876062935, 0.12392552803294166, 2.758833950714461, 1.0626642713950218, 1.2759184451700776, 2.160119350146033, 0.67578063190967441, 2.8333594259474353, 1.217085942495487, 0.19895263298292321, 0.2845966958501549, 0.90223924951823165, 0.54687921459174049, 2.9672793329443721, 0.2181830977209529, 11.442655497679311, 6.2024167887398107, 10.254705462281436, 10.054934505032747, 3.0767582682700549, 2.3991591429315235, 4.3545077240045202, 4.4324844653995115, 0.2457379146680978, 2.8210718289712133, 0.62393302296524666, 0.30331980969339156, 0.49314230754501409, 2.1975501014677263, 1.7002111955245027, 0.049992073572525442, 0.016194848817718821, 2.5037199867517188, 1.2651043024349349, 2.8644529435931076, 1.0436894949850455]

10
1
[1.9800133888932123, 1.1687421407677903, 0.93153063410323966, 0.11375116273882213, 2.995533908855748, 2.6446084175397573, 0.16809716628816318, 0.38595399142562314, 1.6849696225928597, 1.1712590995851997, 1.7736446024645431, 4.7293041010938737, 0.65023438298965175, 5.7957335331498712, 8.3471351849207451, 11.212899857954483, 3.0492861241136211, 2.1028199478963643, 0.89891533213165076, 2.2423465102983187, 0.79303452368398553, 0.59157702117266808, 0.37995520955473694, 12.088869388426588, 7.2930273447499303, 9.087789973196152, 8.8598555865503386, 4.9797976827156276, 3.5943776480194742, 0.87178502139209968, 0.33081613111590968, 0.55975161637525161, 4.395515332070886, 11.551107858476712, 5.8152161223280245, 2.0301170509537769, 0.60749906354180894, 0.23177807547790508, 0.68840603522801302, 2.2394345148684351, 2.1463591121273566, 0.0045573507060225893, 3.416362709408304, 1.3473993588515327, 1.9656329491156157, 1.7135817851693673, 0.14452845061998687, 1.4622546882763459, 2.3799245534667079, 1.132347204299208, 1.2905788912548815, 0.21009215138678883, 1.6281516443323767, 0.35998961774231475, 0.57681007528566397, 1.0365111703595176, 0.76401685855512369, 2.5114134427460613, 2.3633702184032472, 0.068100205400071445, 1.6555769101153999, 0.23744529204719811, 0.764449190272245, 0.93204248983028037, 0.85026804114781385, 0.55186301323271891, 0.26529987548144618, 3.4460751591186067, 1.9598107850872566, 4.731919956273714, 1.5868058453369827, 1.6736814297479157, 3.7259217794148469, 3.6056222331470167, 1.6442443172727508, 0.20021859004384623, 2.7689653460159036, 7.5987101376868509, 6.9749991242128431, 6.2595541471521301, 7.2057006994128017, 7.5429023287850612, 3.9633544503674898, 3.0919345929718816, 5.0831124278354025, 0.16241697688917611, 2.9273936446868447, 0.18649708705075341, 3.5181772676468483, 1.2248474773656994, 2.3303521622236474, 7.1359241262156274, 14.980058380608995, 5.4306439311852728, 2.9699656604835241, 5.0437371319231659, 10.750900124257839, 11.668784597588967, 13.016590226571367, 14.694517443600546, 17.924523307494667, 19.635130868699918, 10.775806951251582, 2.9999467861255766, 3.8983031949637734, 11.065102482691998, 5.5149318614571712, 1.7628094725018286, 1.1461999409644079, 1.8655578558484081, 4.756096773274237, 5.045595734573908, 5.106461104849302, 3.6960094092848124, 3.4846862231619298, 0.67390261244432281, 3.9349538095466414, 1.416049029873534, 1.4275008150321469]

10
0
[4.4482059863353811, 0.8183709760123179, 3.3302275495323101, 0.90390132898636466, 1.7712718059299277, 1.8300156014089168, 1.9607367093715311, 1.2498718542219933, 2.9858724544071151, 0.37510033290124056, 1.9974785325023561, 2.7792265569244421, 0.61782211980050761, 5.5042881734756861, 5.3538664579251929, 4.7120243155780486, 2.7395880743151793, 2.3377322235167526, 4.1554745658925754, 3.47757844335257, 1.6791437857395124, 0.061036653446194578, 0.11460313980157366, 2.3707488922225366, 0.34205342832885322, 0.33979436814666997, 0.52344093016745319, 1.2532522643520565, 0.043832086701343087, 0.10861809181540139, 1.2580473350676584, 0.18952639042868213, 1.7227835154247941, 2.6941279458844178, 1.3171443295957488, 1.6718872497857546, 1.1964372525859517, 3.3122326819943169, 0.38176103382306792, 2.8564657842346151, 2.4621055647145909, 3.0060986378456391, 0.68546108935510119, 1.7960566964675309, 2.5796782569422021, 6.4866360319045953, 5.2088314299389822, 1.778238435692856, 0.90340067594081574, 0.8321748082267959, 3.3903428203128101, 172.51985212641739, 161.95536598162829, 10.875764718907988, 32.223169283470554, 21.813713838721924, 0.57197262150464212, 0.18302757973486905, 6.7205618644611604, 15.240787912632072, 26.033426235541356, 24.785991531623495, 29.656730490742689, 50.91748325912863, 107.4684321598852, 96.384013841375179, 76.300348244868701, 88.98732346858003, 98.021997522765957, 96.804009913537413, 94.008757493149915, 83.240185277006958, 69.674837877780647, 58.411315492157314, 52.974007319418206, 43.499449977669599, 51.89511412563661, 63.430902960582046, 57.136563287724243, 51.45566125717005, 41.63758914300206, 25.569661422208128, 5.7416026515055023, 165.81856887718536, 151.77489803888238, 141.36832205600288, 127.25042344480369, 111.20788042665794, 84.763096196057518, 65.415318741248399, 88.153120571518258, 114.42650130872227, 135.3088519177806, 151.69748397579031, 151.28563986767358, 170.67700011829953, 171.7034681078718, 175.86090653199489, 153.2372111408535, 123.08371378826732, 106.12251820534607, 75.04128862602937, 57.997342780361123, 67.203789040554966, 40.994637395754808, 17.487404555893221, 3.4119651325675306, 40.000679288389392, 67.320643554800199, 91.733643818364726, 77.387885247677218, 35.641709830525087, 4.0217485521041567, 22.130630919782391, 0.37291957070436865, 0.68711621717903881, 2.3225579467775219, 0.93997058243226661, 0.069550190396824974]

10
2
[1.1768801504255748, 5.8357279263462942, 2.6297235663047331, 0.13454961825709688, 1.2514651903022127, 1.8577480628352419, 2.3075053319827248, 3.0472055542112741, 0.75061044853808312, 0.43689089488435684, 0.18210502848498322, 3.6752382637704386, 0.55093446472784535, 2.3130793761074244, 3.61499279493475, 1.4247719713190463, 1.6930813474643003, 1.621398160911184, 0.57004167154104834, 2.3013471847440883, 4.6913286851793714, 5.835443678343438, 6.5221769264693989, 3.4928815067538608, 16.558885271268025, 9.818026963028359, 2.6353691088788764, 0.2525766714025508, 4.2572459658926505, 10.763386473783953, 14.591098754570822, 10.372547653845515, 8.7008389396249868, 10.560603387149342, 8.6337262875682086, 10.895487405297501, 5.4810537871106817, 2.4639892495555955, 6.4607389041285614, 7.6971287629863809, 9.8137904931439266, 1.9711263040152858, 10.674457577297346, 9.6448840034368004, 17.213983851034754, 34.003334838171099, 15.470275451521388, 17.838812656677987, 48.115475032523534, 63.667994085026123, 70.028429123478929, 65.095814345440203, 26.587253151348932, 2.5794485754807397, 4.7612406617520264, 3.9482572778813392, 8.1811204813112113, 6.2520495535356417, 6.0686413349097279, 3.8853288336813989, 5.1945958511364552, 13.694823109268384, 22.644723348346929, 26.865274638333347, 14.156934919943751, 8.1323350486904928, 6.8450314768487033, 2.9989836781253416, 0.041294650731060756, 2.4952068741553148, 2.8050920534269324, 1.0068953981291315, 5.7272189363961559, 3.3143517672651797, 17.005557117634169, 27.915673957878568, 8.337827480711951, 10.91175855092834, 15.105680829864099, 10.936806455421959, 1.7876828337403197, 1.5637878465598476, 0.52153782284608496, 4.0502103822590243, 10.80390630481719, 3.5655924572491244, 1.4519110847663228, 1.9645672898508906, 0.7216998264848371, 2.742621583450557, 0.4179610863677965, 4.0372758570354677, 1.0431790931692149, 0.15889237052130056, 0.18301600972597498, 3.9582108358626158, 4.2993420915366301, 2.6436138574285053, 2.265627686665141, 0.71504310802652071, 2.9125326294790739, 0.71709874560343678, 0.92056786046214256, 0.83824457957132381, 2.4494549844388871, 3.3484927208878617, 1.5670283065717285, 0.27566669136376731, 1.117227509861948, 0.12108793941348495, 3.7972474556147517, 11.143603514456686, 24.856085304053124, 20.107289286360242, 18.054763814865964, 15.660602333602242, 9.7688201995799204, 5.550302975128119, 3.9787798521637967]

20
1
[1.5906445043608528, 0.87446839827396161, 1.2245679260310567, 0.48101075592353482, 4.1809889953158006, 0.28328538760496258, 1.3990106488625997, 0.20439387737064862, 2.0255256631105567, 0.75886554720918298, 0.028255363175617276, 1.3162258966834202, 1.4124760552411715, 2.2544497195858071, 3.6063296193087808, 11.752619386666964, 2.6059425914903613, 2.4059925740086214, 9.3434589313054062, 19.591269918768887, 25.804455592707967, 14.007575639067142, 2.7254524959365654, 5.9499893472918757, 14.702036774712099, 25.646774739290493, 28.058381213805689, 32.504800145835247, 22.934442712881008, 8.8769608496088495, 3.3574031338610268, 19.560861660758292, 1.0396192604031285, 3.5944090672258824, 5.29096195205139, 6.5534814161518398, 2.6326430438048192, 1.7326180303624881, 0.88966220643089855, 0.12497228182456865, 1.8446705166471133, 0.44830292872035216, 0.020209250709626758, 9.1979355957226119, 2.8915200513256423, 4.9257441292948556, 3.8368096233169808, 4.3913563242915075, 6.5978037785233425, 8.4193818700938152, 7.4016277618634376, 2.9339379251046012, 1.5062413483319119, 0.43228369265730748, 2.0639092484272226, 1.7047134436065789, 0.034954371796402484, 8.7779814751600043, 5.0633489606279056, 2.9863073648752732, 0.77551210723771646, 1.4543908776522585, 0.14922307501478826, 0.8802680380891843, 0.29452661841287409, 3.5047602789915118, 3.7169957659589841, 1.3799025140777985, 4.4695350644331029, 4.0756856649770157, 5.2701151750500799, 1.6000275113007092, 1.4840452655658396, 1.3502845697666999, 4.7948469074289619, 13.481764982966524, 17.516081624294202, 8.1303255930742466, 6.5811139739594182, 18.486252350715233, 11.023776266196705, 1.8197542375646663, 3.0630995951981959, 4.6545219794526247, 1.2286337892187476, 5.5034285379923631, 3.4372172019067193, 2.2946849851470859, 0.39607853728927012, 0.73948775589019533, 1.2518167614043705, 4.676347995353666, 1.7363443848004465, 0.28307596291472237, 0.11906315739224738, 0.87279707701455322, 2.4699646114841016, 2.2274707879023765, 1.6937813639289914, 2.8847631803972433, 7.2554166855430253, 12.973151881085442, 15.030434552718305, 16.044436824001195, 7.3399955640929875, 3.4261045217460264, 1.8919918058020357, 0.65031799609641894, 0.20731341619392651, 0.98241337632765635, 0.49464382799055784, 0.2403769945619274, 1.1904740917688059, 2.5086456476770422, 1.8877151069383444, 1.2539111607707696, 5.0464152720937818, 3.9450884250513809, 0.024154289601256096]

10
2
[5.6819139527814286, 2.599930103845395, 0.39057947519171421, 0.19347208679218397, 2.291831749669285, 0.63121359318716941, 0.98233289443766125, 0.091057982522954717, 1.1158761954484646, 0.2503752335128695, 3.957212868165044, 0.30809992211575832, 0.93664888468327945, 6.420829020929375, 12.242754137118936, 7.1056169608889377, 1.3055492176806638, 21.840523520273052, 10.02833080513858, 1.1075306455247187, 3.4018658591539577, 3.4831658155828222, 7.3515106617676054, 9.809319446594202, 1.2858338352217231, 0.33529440412993949, 2.5227704384664662, 1.6155321334226187, 16.182008744977963, 27.320647604321266, 11.268479183846523, 4.4010212304654033, 0.66550303843027336, 0.83452538344477034, 1.4945097128129987, 1.3473994597999308, 1.8621593488729786, 5.3504149380656543, 13.256246248380847, 21.692942789170388, 12.990083169149045, 4.2982688344758344, 0.72181552150613015, 3.807258868411509, 0.23189696479488475, 0.19167112113365192, 0.26418543090341018, 0.069597532570298881, 1.3749050732924388, 0.095419662168353625, 1.1288216258250827, 2.1828200820867778, 2.1137383021218739, 2.4179196149506197, 175.44968213769658, 166.47590212091541, 10.578547497027671, 8.8948627319330171, 12.12403010177718, 7.3753866428663741, 3.7003733718854619, 13.290231890068867, 2.5701939371576827, 0.18017634484385781, 0.63984399867945285, 2.4362069981514196, 2.069462160786145, 1.5939105052314062, 0.5689248393523485, 0.7885009238781322, 2.4356786450512686, 1.3362317604344298, 2.7614164547689484, 1.1883199207852613, 0.72780247743639848, 2.0584720083355137, 1.8057759366482742, 2.9368256028240012, 10.296394632770443, 17.085669578704483, 16.197635910609904, 12.594777404536615, 6.8385464896575741, 25.854702223472486, 32.412428250899779, 38.499283068500233, 42.6064624643451, 59.766483913133186, 99.553000729602559, 88.746290602484407, 83.534499826793649, 77.324511204799251, 92.877117792770605, 109.94271162451497, 134.80787433073556, 32.384113714954651, 20.828622340665788, 29.507724995388344, 138.42977821081956, 119.51283710383814, 93.044591990364154, 75.140373350456684, 51.163223258242112, 30.24603225917275, 23.918795585968383, 37.197634999366073, 53.208108271040032, 69.151953053958835, 81.799608300031878, 113.27163807948273, 119.80230777451698, 47.658085771256992, 26.749941986093802, 33.139543222175121, 46.175666583799853, 94.01313571666401, 74.53464390348222, 53.43356672586458, 42.281401806910708]

34
1
[2.2823920065929428, 4.613296013423394, 0.29484020209017103, 0.26280766276533996, 0.6351775803723001, 3.4982379273406821, 3.5115921389686378, 0.73243109996496969, 0.81131095480054682, 2.6316061578877452, 3.2054090507992896, 0.6166446902793723, 4.8110039369744015, 8.2912072732467266, 8.551692891429866, 2.453720118762817, 1.31828187958277, 10.884512705614924, 26.099618646043865, 33.12785928990013, 18.872694650401286, 3.1532201232978707, 19.630774057296946, 35.378638046995093, 49.998567582957634, 63.167267433281154, 37.896757469818283, 53.714040732651029, 62.289199775420002, 84.136896596142122, 114.33832784037327, 132.30818191841155, 138.17563035940566, 142.66706990001845, 145.11067131618091, 139.44500792525758, 124.367232147897, 98.222645407408038, 81.241731258076754, 82.29440151648808, 76.525505376495261, 62.641111349861774, 44.950059024706746, 53.474235907225903, 66.842981443371968, 89.065208527691766, 110.30205259182515, 116.91575578805197, 104.31887321318524, 81.865994736363803, 77.987883606744901, 101.86396221931608, 129.45573819132079, 153.86597642643974, 170.90406215800903, 10.521073614822058, 26.128915641809499, 34.846541873813123, 31.083942657085288, 25.70072179066841, 15.801343293609989, 7.2710332058248355, 1.5883183827326661, 2.9235103360870198, 179.05367739295917, 177.45323781854813, 173.78477919024522, 173.6087226955259, 156.42196183384846, 147.15029224179972, 175.07464600535923, 34.635145561414049, 114.70983655891564, 91.008247961803363, 82.815343278735213, 76.528931646410399, 77.640233652056281, 105.85416388526926, 111.05783296332436, 112.56882925891364, 108.41804499874149, 96.643234043292864, 85.302899797812927, 75.418131232337544, 75.092631056220853, 92.868303659590651, 97.898842491969333, 99.739113042520671, 97.870095869745171, 100.99871257564962, 102.31555425107956, 102.02195465311905, 73.701872568001306, 47.751617980319566, 4.7843739927435536, 19.218189432939482, 29.964366362344549, 0.96701090907112075, 2.8697325308386326, 0.32526094625126234, 1.7291775061287353, 7.1475482434790933, 5.0903991623039815, 3.2288886520631763, 2.5049107998280533, 1.8976438086415897, 0.79861866408066362, 1.2021912157165957, 0.095856666734334794, 1.0567610909606913, 1.0479932820347813, 2.133673158692261, 2.4013999642391468, 4.5198160842577408, 2.5169395971696531, 2.7752000897571349, 12.097762502151085]

10
0
[5.781098831050997, 6.5423751655193314, 5.2965041322555066, 2.8556666136305182, 1.0908767283208363, 2.0577508384684506, 8.6887563756275199, 7.2970542421946334, 9.7120849747655029, 10.708190061251685, 8.3175563474346745, 6.0417007730376326, 3.4001805262828384, 1.4112298920561557, 1.591790708113308, 0.3447286242097789, 1.0836892162954825, 2.3858036901195874, 1.7358475998464939, 2.1810074073303554, 0.84730390787939314, 0.7117671845748248, 11.419813697500729, 5.3348231792976719, 4.0192653807229135, 1.8570115741003406, 2.1432473200656545, 0.85178441844300323, 0.42125646772214509, 0.90530833896144713, 0.79889897619875683, 3.7624513618239916, 0.37652906290293231, 0.069991637504074333, 2.2666968473959628, 0.52076384159747136, 0.1686533676131603, 2.3716714276204698, 3.1791710157568787, 12.522322297459112, 8.5348733104984831, 7.3887618442336134, 1.3813707371235751, 1.9997946136429618, 0.15475047596305558, 4.4509182883130336, 6.3662536438857558, 3.4941477802787801, 1.8092094639368668, 1.1596148945259301, 2.7435441647220387, 1.402649340641176, 0.94486935261411986, 0.19304121807215324, 3.6321333663375412, 2.3736977723417283, 0.41116730181005323, 1.224624994230993, 2.5154686486387163, 2.1197114907710102, 1.4372824174774053, 3.8005985646665579, 0.87730124336007975, 1.2939899695722943, 0.24683986372951949, 1.9643162109401828, 1.1285362859170505, 2.301502228156096, 1.8782799642525561, 0.45706350820114494, 3.4608888533120421, 3.0963097688360222, 0.4048927849829056, 3.0666919722386297, 2.4353487595271872, 0.12770001070578019, 2.8534115180127628, 1.8730457697639622, 3.2813729129965736, 2.4190845349224901, 3.2476115283550371, 5.9320099846468679, 4.3338297613587429, 8.4688565677386123, 3.7683828021074532, 0.397361223020539, 0.70303145828307834, 1.7509842957513797, 7.1758799146012393, 9.2089890776536549, 3.7626871586592756, 0.8602641221777958, 1.9425275173674095, 1.9132009543951085, 1.2498487301999148, 0.58518147033817058, 2.0219934258079206, 8.3403618639221691, 3.6800760075802259, 2.1342288276932777, 1.4365169436504175, 1.9414901539761331, 1.5181804095630014, 1.6400411210351535, 3.6755067753503567, 1.5705707363857755, 1.1246790284295685, 0.96835625827708327, 2.5507087972375757, 0.0046865275458571887, 0.86248439532499788, 0.02528409625506356, 1.947470717568649, 0.40127384944298683, 0.28813982460621901, 3.5071781105347668, 0.47152391173267461, 0.25305055037534885, 0.12142540666104651]

34
1
[6.7891830366485237, 0.69239551816906442, 6.1813824784206304, 1.72388673716992, 1.188183825174832, 3.3021617300235278, 0.79107564367438954, 3.311612105940867, 3.6248786643735684, 2.7159193312047023, 3.9835118356525356, 1.8380744138686396, 19.037784927396501, 33.613675425230838, 19.891837371141776, 4.1526312310725189, 1.889398879585201, 1.4433059202950744, 4.0745834753129486, 2.1963184588015565, 0.22880782233201558, 4.247057908063141, 3.5678268981175165, 2.7339050016403803, 6.3641241057083562, 6.7162234182394513, 8.0604325069887182, 7.2775901251234814, 2.7574169594983005, 0.29508637063878496, 0.17403859338980965, 1.8981707610065541, 1.0462943541283494, 7.428244125353217, 5.2291080073732701, 8.9753670415548186, 2.2541047181922522, 7.6741280615268579, 7.6588986804846968, 1.9959257359384992, 0.043107523833270989, 3.6854877972879194, 1.022623307263359, 2.2371041116868469, 0.35597765205039877, 2.9324554908316713, 0.63847556752597256, 0.23864022987828548, 3.9783002288425564, 2.4532781852390144, 4.3561865362613048, 3.4160708898023131, 0.42880738151569631, 0.93535028437776191, 2.5498782642525839, 16.746535351300508, 168.27701461913296, 7.5111556303941143, 9.7350339237605112, 4.4707207915196818, 3.0135350837019246, 2.3917677966292104, 4.1521592248528805, 5.005548302956754, 10.794084391146725, 19.912322009489912, 29.7608292900793, 30.733454064464752, 27.872299568553046, 33.107664561626393, 41.964209754805609, 46.800852298576729, 53.957520855837913, 60.970957560156648, 74.895413824682095, 95.84819285847999, 99.923467542978216, 85.376653397055122, 96.844091070827005, 116.05132107312664, 134.2888887554995, 138.92777173275741, 138.70177025379081, 150.12122916767487, 130.33213820664741, 130.81058364300986, 153.20234303350455, 168.47681644851403, 159.73760409201287, 158.92179100302286, 151.85810493004925, 142.15189344101796, 144.18382517187123, 134.42719527831397, 125.3457083465311, 141.80892481931764, 163.91166272911232, 148.50742204982998, 157.70520099137369, 4.5058555688582089, 22.557584767172557, 30.747283305782673, 53.220536665806719, 63.092138819886202, 71.299198713841633, 86.991314828366512, 100.07876236876382, 106.51743005239689, 115.83164729857663, 124.24323747475273, 121.0889405754308, 110.88049726037809, 111.53120709811805, 112.14220567455953, 62.431167624062198, 56.695704617846729, 44.892621446713804, 41.001418405254697, 36.08027619195002]

34
0
[6.8346973473911419, 0.6584367797346431, 0.82379263004781933, 2.1224645541968812, 3.8239543855990803, 3.5079094238709274, 1.9058171300937374, 3.1174594858950968, 2.6043669936602214, 0.36387737469959802, 4.3882458013001155, 0.37400345866055318, 0.23053975389723291, 1.7651679395120823, 0.62158505385082208, 0.097752598885563202, 10.723378955501232, 2.7860268795769514, 0.1245332682570961, 0.49685670624754152, 0.19478456985618209, 5.0215336496877399, 4.7455249245451512, 1.7297510923646087, 3.1669323498645099, 3.7848921666192723, 2.2093770357536755, 5.0264849135397753, 0.92411339040734219, 0.21336364631025617, 3.7648008058195046, 2.6219208398451883, 7.4030086860981896, 1.4406774405736087, 2.7857914442716378, 2.6868563442507707, 2.3283242282471406, 0.3140062979636582, 0.77012665930897128, 12.321661280452815, 9.139869572953728, 2.1328409406778519, 0.19451577952111165, 0.69195077100283697, 0.69441467587392935, 0.71754734087016914, 0.071896538717624026, 0.77639240376322505, 2.3905248665665795, 4.1881859758786959, 1.3770371793723939, 2.8988317791473719, 3.310682827620326, 0.16241088089958566, 1.0423591087605928, 1.6724251975310267, 0.54047227346330828, 0.24909720439842431, 0.10047013175994834, 0.37463864682513304, 3.9151793647077966, 1.8074479081047343, 8.3549386180310421, 0.53156514806391897, 3.4521952759213264, 3.8772844240077688, 1.0824160621705232, 2.259761190701397, 4.3121716880065719, 0.15804290897375495, 1.0553324406610045, 2.032679871169762, 0.11790720569899804, 0.7815379993563738, 0.70198655383887854, 1.6371151849353964, 2.3642273597192798, 0.80371403261796104, 1.5077664950754865, 2.3682472137604691, 3.9528232688334697, 1.5201503988686227, 2.3795555467090708, 3.2821413424764501, 8.0078846025804751, 5.369891072989958, 13.582520115027762, 8.9193867259271542, 6.5569301406161458, 0.90047918560981088, 0.76899235853898062, 5.0711169300479924, 174.97764220211673, 3.6949824672748832, 2.4342264846366675, 1.3236950616348508, 2.3452219498833529, 0.76185214684642233, 4.9171287528190533, 3.5875010294755612, 3.6925254221280284, 1.2104235092416502, 0.55470100019272195, 1.9743669066602934, 4.180749933530933, 1.5748381006008003, 0.26137042079687944, 3.7950964220516425, 3.3903649857368237, 3.9739432406975084, 4.3067519093385727, 0.086929032795296735, 0.70083107358038887, 0.80668305574101851, 0.25728496206949103, 1.0640501844918617, 0.4795395972593326, 1.2070419761169546, 2.9641112345272518]

34
0
[6.537959430154558, 3.7992674991590434, 3.2020965822048879, 0.94635887489229731, 1.1529484814810189, 1.8370672934194658, 2.6813699861592113, 6.2938438175031308, 3.0409151972336304, 2.1397304000601025, 2.2405178023915369, 3.0942515172530136, 4.4266736518223979, 2.8727741452132136, 0.68519799817065064, 0.68284234234906194, 0.29168833970476271, 2.3052892757992538, 2.9921671371391199, 2.2534759907655371, 1.194192844032159, 1.5626828319552146, 4.4147251838999182, 4.3090742588625801, 2.4169411047292897, 0.56446485642146627, 2.2990946029656527, 0.70646892536709061, 3.166182343012224, 0.83392308541209559, 1.4942613636016517, 6.6366735077280623, 0.69291657440157906, 2.0297833075871381, 1.1575499660100945, 2.6019387191021224, 0.30263308739228023, 1.7195970118407899, 2.9337673554148296, 173.15500196809944, 3.6413098921925098, 1.5881487870823889, 3.7657548731488646, 11.085185365517077, 8.585055510094378, 4.447944905130953, 12.362229043862555, 3.9050851173573164, 2.8943905259156963, 4.8907180350651629, 2.5477413965188589, 1.0471329277834229, 0.91770760419376529, 0.31000209381693367, 0.29400849640541082, 0.16786629931618791, 2.1614967783257271, 1.5284327319980662, 1.0492675404007059, 0.80846884663867513, 0.11555055956404203, 3.1313489151968383, 3.9842929741653847, 0.53876204446845577, 4.867189609728598, 1.964243789667762, 2.5681574676796686, 4.7748812010087249, 3.367800240473116, 2.8432850356323911, 1.9836960740254881, 6.0276155081648426, 1.2569811098755395, 2.5476207661497483, 0.62228415185478525, 1.3852451249188107, 3.4904761948207579, 2.246079155687994, 2.6967774194736762, 1.8940486079254697, 9.934659366665187, 13.562499040733144, 3.2905866075988683, 1.74578270363088, 0.93026790748882604, 0.18258857358097202, 2.3552680764455545, 1.6013716983177915, 1.471570276647185, 1.3584890478459215, 5.0811625326704188, 0.70634917181450874, 2.2444049060572979, 1.9201509236256697, 0.30933416414904968, 1.6688592856529567, 0.38425358749486804, 2.4565210451021358, 5.6090214328198726, 6.7513411729570976, 4.8823069184101087, 3.0141727633328514, 3.9532071685733854, 2.3281238462790839, 1.8526338693036166, 1.2582518627561683, 2.2694148994597469, 0.71654845493640096, 12.227127043654946, 0.88069443157476712, 1.6334684230310472, 0.36468346890364955, 0.97691780004925022, 0.62350768793726274, 0.58421812067979317, 0.14261406876619276, 6.103852588596169, 22.671010362655863, 40.726985109865325]

20
0
[2.5837430722536396, 4.8996556861289378, 0.023611968004360051, 0.99816792281910693, 2.5768740656668854, 2.4494430810798917, 0.60637525485026345, 1.6103162868047605, 0.40680159715827813, 0.42627492623867624, 1.153129599135184, 0.73202007002558389, 1.3457988268933718, 1.3147836499072127, 1.2773497054754444, 0.95961753254761106, 0.10928540701104339, 0.64974806370281613, 0.88947204132443858, 0.81394495386609833, 2.1401988141060428, 0.7945717851689551, 2.0961805390840027, 0.059439378456659142, 2.1158379111857357, 3.3223393574359079, 0.18509988629557483, 2.077816465356932, 12.486789260836986, 5.1244352072368429, 1.6399902513584834, 0.42542660198967042, 0.60586638164409123, 7.0478615189225025, 2.0985343973352428, 5.7906109905434278, 1.3779939689050025, 2.2657731215596186, 0.77999654125710549, 0.55773339242489328, 0.15821364398192372, 0.51825262603739475, 0.51603042317810832, 1.7621246461154669, 1.090585852019899, 1.8773275629199588, 5.8150486479216852, 2.9335626062870688, 3.394129868199002, 0.57999162550186156, 1.7504790228459228, 2.42026576342613, 2.8492598970003655, 0.25421611225158358, 0.98943996701905235, 0.38934533825619155, 0.4091855302031604, 1.4738683518392008, 1.4742113408218529, 0.71934209546139982, 0.61317807831301252, 1.4333635075835218, 0.17589058951784864, 1.4141015816575191, 5.844513482609841, 9.9448910112551516, 7.0184022868597253, 0.17837140931862905, 0.91027379514139284, 10.458451936740971, 7.75146478836092, 3.1966580290763886, 0.96309962839569607, 4.8505938511165141, 7.7877738992394825, 13.311803671377618, 17.860841232125949, 21.901844206342957, 25.315050763212355, 26.965373940362724, 33.699039061255235, 38.643425027187732, 49.346077285133276, 59.529353255448598, 68.661455333322124, 72.663619583662069, 76.115543434003769, 77.235411071518826, 76.698744954494771, 91.290078630237048, 105.78419890358029, 103.36862047097844, 101.1104231332593, 106.34136894893913, 114.06974272550394, 114.94435645016677, 115.35606055717642, 115.02112070876737, 111.88750273927215, 106.91407782165618, 98.281381130191534, 91.245910565091691, 89.877717458932324, 100.0622122544799, 107.18446137956502, 111.15909223343095, 118.02872415380031, 129.35515711875314, 136.19363029758594, 147.1369086488375, 152.65536124120678, 19.135759095902785, 12.281786632386627, 178.62389576556993, 165.57884431403437, 162.08820426531054, 155.37912174631947, 137.62149019815402, 141.14189336328795]

