2
20
2
9.6299505934055389, 4.4488222267767128, 0.33686546024728159, 3.7664922924869302, 1.6657418522146941, 3.1847219018812041, 0.672409322681915, 1.4355713196269448, 2.4706498842184033, 2.2877722381902572, 3.4479482369133052, 0.89515409000898671, 0.66107062734744204, 0.40161009571036743, 1.4830045971417007, 3.8711070659399525, 4.2138138076799976, 4.8902986372509645, 4.5234043780231445, 5.0880001135413977, 2.3586913207440148, 1.2467818638560857, 2.0744849766337552, 0.46761729111327099, 1.335028274175869, 0.012801362576766451, 0.61511664081820072, 0.87607740906958043, 4.6174176933055833, 5.863183210401985, 1.698029079673347, 1.3129171625408844, 0.010607759055858423, 0.38621155036446453, 2.7062928487023896, 3.3298234245846174, 0.83504225986717984, 9.5030808726704663, 13.41421138849114, 12.486785187541784, 0.43978750834554603, 0.86803085739290964, 0.99177342625176834, 1.0374175027378669, 4.5197512613414119, 2.9693153155810705, 2.0360108573180469, 7.5656267415889147, 6.5172939094944127, 0.44762122732527132, 1.2273540357649608, 1.4789815986085841, 0.76582983012366412, 0.48442920222765906, 3.1251032920684452, 3.4073104410062456, 8.0032328122425724, 6.5372184120397492, 3.7789501787731297, 6.3397895559474478, 9.2080425674326989, 11.229735895929934, 4.6773893859391364, 3.1380696897072085, 0.96288400200239721, 0.76275239903844749, 6.9433129122213586, 1.8847336304638134, 0.46859877291763041, 3.6003195172786491, 0.68371324529110211, 2.0745112060869815, 2.0502011258666926, 2.8402076826182565, 2.4853809510018152, 2.0628958456910311, 0.2605151589710033, 0.24366761275095428, 0.46442030365375331, 0.16080240147471159, 0.96773295774372059, 3.0116306084399298, 2.7418327428698035, 2.1313481167480575, 0.14839526040182704, 1.5298331837526007, 2.6536861785739063, 7.10206639217418, 8.4336557585208141, 2.3254425485188222, 1.5050339669115829, 0.84857627147783887, 0.51823687769763183, 2.2690127875445114, 2.1516679888530632, 1.3668964396732122, 0.74090486497550501, 2.7091536508794434, 3.8471579546251178, 4.705911555452758, 1.1746112422210899, 0.59741145279326702, 0.64264633136775728, 0.85956805083333165, 0.057096200430237332, 4.5962248477482035, 5.1800590502787713, 7.1238361899903566, 7.9223085512914508, 3.2606809121036804, 1.8112764646645587, 3.5775223455019614, 5.8256091489023447, 1.5981097224803875, 2.132823236708532, 2.6213771436140973, 2.5878929532893835

10
1
1.4272502320420699, 5.6878057792408185, 4.3633293674156448, 2.7023062414783681, 0.19792366184123011, 2.2972547783118955, 1.0872313306035153, 2.3590576122375069, 0.71755452824169197, 0.66282000861997403, 0.25632038584711836, 3.0513052332054258, 15.877168028944084, 30.494340933826948, 26.391590741024288, 14.201756175684579, 0.76605746890191995, 2.1062273749429892, 2.8093806563542785, 2.2716003037564008, 2.0637400257521676, 1.4644134221626928, 3.3896736971021255, 3.9755197334259833, 0.68498393889919384, 1.1830256487857582, 0.83845655911892436, 1.2024702495828592, 0.84880445742123811, 0.093369967265374498, 2.7212743316937065, 3.33646674354992, 4.0379983753484225, 2.0785553017507823, 1.5429785688513107, 0.40017520745857382, 2.0380497143699472, 2.1797008467028149, 1.6323914076266988, 2.7702030534844653, 1.1125153814317059, 1.5082636369642728, 1.2947792546318624, 0.49336068253330723, 2.2125536470386749, 1.7511877904678386, 0.50985068403534228, 0.5409716835139875, 2.7112941309181906, 2.4709394854494917, 0.92068579874023726, 0.043254406107394061, 0.6791519900430103, 1.5474197366859244, 7.9910290911857942, 13.272742992359326, 7.0722931202723771, 4.7659530618304871, 0.65958566052574952, 3.8880618583235673, 4.9977021056708395, 4.1178662426108588, 0.4232922482371464, 0.41358638457549546, 0.82177646704630547, 1.8594626525251101, 0.47702335697442777, 2.1203706061432115, 4.937069966762067, 8.9340555597034381, 6.028996377869305, 1.677070214841109, 0.38511156634882582, 0.90900435974842253, 2.6670065641730218, 1.9515173633662641, 2.5172561460101974, 2.9841982437001207, 16.935617608777136, 4.5513526727531826, 6.8347750067104016, 0.079743736536812548, 5.4029238521561354, 0.50231238281835999, 3.3248628276328702, 1.3404356342945789, 3.2994362914269288, 1.6430191738031112, 0.84918931767583672, 0.39182396190460622, 0.18189812755764478, 4.3662176812856615, 0.24566530715804902, 1.1573440180911234, 0.58290041882281685, 0.93980697166142591, 6.3444418216167833, 1.1398370830054319, 1.0738653673473664, 1.481941129601978, 7.4893051483173849, 14.634978147422657, 27.163759535950703, 39.097420236125743, 30.604667511831167, 18.22313059027374, 18.021381820308761, 1.6206262958470461, 2.6156253757915806, 0.41277129188026151, 0.93640451255268431, 1.632935375570014, 0.82112989417655058, 4.1249575088125709, 0.89640171058715623, 1.1228040137721678, 1.8446855191476175

10
2
5.633911235761957, 1.2806774380324555, 0.86042234005103069, 2.0550782919804078, 1.752925041833862, 0.0034189513475268996, 1.2072117205833024, 0.27079172478747182, 0.48138227459250515, 2.4406343096496528, 1.3967760468737822, 0.2564257032089472, 0.39586807614304576, 2.9315568398787946, 5.307671189006669, 1.9668622155064099, 2.5106901822898635, 2.0024416049532192, 0.38045271835159156, 5.854437314047118, 1.3005601197689316, 0.57872643412241587, 1.4949130624167992, 3.3263582776669978, 2.8723244416011084, 0.5512325271587315, 1.9082430552194296, 177.46624162139483, 0.004871421230575379, 2.0108699409886981, 1.4163498382502553, 5.2637247993332039, 0.092251833690852436, 5.8257043629527061, 5.6795408738059905, 4.2007488308146321, 0.36265911910606974, 9.0365782079809378, 2.3887224478412463, 1.1067346165149274, 2.8944583243566626, 1.4875306540242832, 0.62577314457354305, 0.65988638233670827, 2.7938835358651204, 3.4043495927870708, 4.3357873779585816, 1.0418498619233958, 1.4778077162934551, 0.29011977351126461, 1.847678542450808, 0.045480484125420162, 0.17019231874235174, 0.3174072720418053, 3.6061755209562136, 1.33956234045786, 2.2912275812574876, 3.9211889898425056, 0.38998514429204079, 1.7224423899749581, 0.28044513055738207, 0.94621818019163584, 2.551831645790287, 0.2486302265674567, 4.578775850740584, 1.1500065728082518, 2.1930442017419978, 0.33954199979467603, 0.24966323864367723, 2.5002004375977549, 0.74071324083507761, 0.44505694777041072, 1.2638049474564923, 1.5005492125359865, 0.68062567536259166, 0.64350150792233762, 1.8578455370630991, 0.81056296947775763, 0.72705515041127455, 4.3644761519403801, 5.4488471784284798, 1.4196968427496586, 0.018870380732778358, 0.08211799072245185, 1.4005929618996333, 2.7192513047355078, 2.6294760896570892, 0.37573382935744348, 0.50026751104024925, 1.4749037132032186, 1.7912513754292831, 0.57314762351501258, 0.37579351261064176, 1.8640685430318911, 0.9029322017731829, 1.6862136608727383, 5.4966255782348128, 2.9527223640587295, 0.25887202224834027, 1.2419578223619112, 0.7721534085114854, 0.17571872052531035, 1.6790649023239439, 0.22081390550806645, 1.1763990952379686, 1.8885646596544348, 8.4893387946534631, 17.468376235214919, 16.453239995859747, 4.1676126730014857, 18.85794610404804, 12.801600388649376, 3.0926163282520633, 0.41656387507089221, 2.1590450368994993, 0.15291832974082809, 1.3882733194151911, 0.77175270091265702, 6.8135803824426944

34
2
9.2796742441107085, 1.5135132051559594, 1.5329471863083199, 0.35571767297611245, 2.5434298697493887, 1.7260971477603277, 1.852551123400616, 0.33158561204629677, 1.0360446988154877, 0.084858568815889157, 0.76633798028115052, 3.2828528647903852, 2.5987917655151023, 0.58254485846231319, 4.9908318164940511, 9.6737967905702362, 9.3231273166697406, 1.5275065585524885, 2.7562838479611855, 1.2661647724576142, 1.1377024901395316, 2.9883503815721042, 0.6197683475102167, 1.0351021757661556, 1.0626290721779696, 1.1178717879998885, 2.3027735473064581, 3.128686464772727, 0.76288380645468123, 13.450338245636658, 158.53796498742861, 170.94344949895037, 3.5415742882317431, 3.4790130287560146, 1.6022407765312892, 0.59396604470549619, 0.80552917000335356, 1.1306707768212618, 1.7679872099618592, 0.85590799584832666, 4.038469554407925, 3.0710593368722243, 2.8192188319644629, 4.1205617502022847, 0.8074920337904814, 0.10990725108894139, 0.3182306371296022, 0.38371349332788895, 1.9026593939411214, 2.7618011996928544, 4.8385003960480617, 6.8360791814033064, 5.0957698192763701, 1.1895143414522806, 1.7254446879387899, 0.61910591593550635, 7.5230474528948719, 2.3721588481041351, 5.2299937485501289, 2.0085551766965466, 0.06719325986171043, 0.25195779802368179, 2.6526970445549409, 7.409649586916828, 0.59571658036850295, 2.2053734778381227, 3.2033897958469311, 2.1828628731806248, 0.0042788838151750497, 1.1806515789519381, 0.81833900751655619, 1.9694391417666566, 1.3325022630338026, 1.0675425284244966, 1.5050755149752604, 0.97938461511535024, 1.4533803866935386, 1.9232330523099677, 179.35697594925023, 2.233263288403009, 0.32113449786118053, 0.0017641723125052522, 7.1918576882130765, 1.5092389341696162, 10.281274460200848, 1.2971151229387488, 0.30267273574281717, 0.58978875869684089, 1.3638203626056224, 1.27254421533803, 1.2281215633117313, 3.0899931999308592, 0.68918266581835042, 2.9007715901610709, 8.1164970393140266, 3.7704936893751437, 0.94039464890403224, 5.7201232230548271, 1.7489723136255009, 7.3607318634589376, 3.5482985163865237, 11.386790101087314, 16.470976649585481, 3.4380728388323973, 7.4756309110266557, 3.5450653197179918, 4.0917435776601678, 2.5703812563307622, 1.6411972933696291, 1.6489375497648666, 1.5249797310802364, 1.3635417444525331, 1.4304604875732991, 0.19966318457483112, 2.4349873011241243, 0.82854063456312588, 0.29666422362632261, 2.4535811928349744, 0.17873970092512081

10
0
9.8209141448769515, 5.3311061787455856, 0.89987905777081778, 0.56537310740887392, 3.8048440769497063, 0.52389457339305068, 1.4960826229039981, 3.037861369581492, 1.1489353001377935, 1.9422856568189957, 1.9300488199750419, 2.046043285483961, 0.96873028251582127, 1.4827133922526059, 13.338599518497972, 3.205156606369485, 4.220330428547868, 0.95536398202250439, 6.2057628879322806, 1.5408697887635299, 1.4873862936910882, 1.1799355868122916, 0.65588193916278215, 0.57295993659892019, 1.3068350536298681, 1.1250347232520994, 1.688220128910018, 0.59817058878439866, 5.5406850026355983, 1.5080885317341881, 3.8053861529770643, 2.6517034645114563, 0.4069050282724902, 1.1795471832155044, 1.1972340911646597, 1.9289809691655933, 0.59210474347696618, 0.5202325045249836, 9.5982247730480594, 1.3770022178151748, 6.1630315728293681, 0.67614453863262725, 3.0975296929911451, 7.5857572243795062, 2.872523952673987, 3.2424354891506937, 2.3211857062050854, 2.2700127593188313, 3.4014152052503732, 0.66558349663148419, 1.7436587131399506, 1.3924102376593339, 6.496420377187178, 3.4498957038944127, 6.8201134928885949, 0.55555621768382935, 0.66803605468817295, 3.1040098733557215, 1.0521256971151161, 1.1504603996963851, 0.71195446117059191, 0.2692822181829797, 1.0555192153969983, 1.9812071299039644, 1.8309063269676926, 5.2186139066463397, 4.0973531357662978, 2.6142273942180054, 3.2412026664566156, 1.8623426689409825, 0.63241737310391954, 0.13808107449381168, 3.3130185791256395, 1.0573360011647424, 0.13131103001461497, 168.14303560881172, 7.1339436319724427, 3.6472368668455033, 0.75210408426153208, 1.0958400851718579, 0.74140127337091144, 0.32965931301703222, 0.75923841226040167, 3.3315102361272579, 0.55996320743696515, 2.1705062023428354, 1.1548497245605631, 0.01418347552026944, 0.19827065626191143, 0.74104222168278966, 1.2956590736885119, 3.021138992609508, 2.8968771620030509, 1.3258654573469357, 1.522505342521896, 0.6760923798298677, 0.22269169593349147, 7.3656366541005411, 2.4565948348566167, 1.7321341064665319, 1.000660176743196, 0.19418504020342198, 0.30758763365869868, 0.89935306718575703, 0.62316124241681337, 2.5020732636975254, 2.5543805303625504, 3.409099905791436, 3.7697786306629837, 3.9831888961299455, 3.4216027762670365, 7.1232409326458992, 2.63403662297236, 1.0611980294974614, 2.1991844685103672, 0.36821820752780354, 1.9975653754643758, 0.62524869594557231, 0.58678781379225597

34
1
6.890186478554682, 0.62807612030258042, 0.17634296437850594, 6.2045334963150367, 3.8536022982099212, 4.8196223620285537, 2.5774507907317457, 1.1643207880519526, 2.6520068896438147, 9.9368302189887743, 6.9981992958632873, 1.2648399083216759, 0.56109261651573661, 1.1248362178263562, 0.36655435195746122, 0.14211645229539727, 0.55698448601384598, 0.54451259179438694, 0.0017261099492600351, 0.1569459734194254, 2.5070482496209934, 1.2035668148626542, 0.14832262433188248, 0.35895391323754211, 0.83759873161426412, 0.2766284869472031, 1.3009088335676608, 1.9016084567260521, 0.23564514117975932, 1.1438502486609536, 4.930876357534089, 3.6540740202611914, 0.10142801607275942, 1.013480684619708, 1.1861599961910088, 1.7486177634449405, 1.8408132115354192, 3.2738953155534887, 10.85962881777192, 12.586835909192928, 7.4830887646874658, 4.0862097809672377, 1.9516151963462676, 2.0120878806946507, 0.26685741503547433, 2.6346632484537054, 1.858157765856788, 0.15061084622288945, 2.463490858626642, 2.035504230935544, 0.94172452285505415, 1.7831570446933824, 1.2018201508086577, 0.63399896005927303, 1.9696998221551212, 7.7974243361366007, 15.316167480026252, 12.225987691768182, 0.093634661667920227, 1.4955070780218875, 2.0659294866545679, 0.52118496916654067, 2.6236540753401982, 0.51705200788853745, 5.789268158431895, 6.2893743771383015, 3.0098183816458004, 10.515216693152354, 1.0439275642248447, 6.3774000486833131, 21.61162121449874, 23.120615330302172, 14.947558793418949, 1.4634537557677447, 2.9432092431476917, 0.11242954211971323, 0.60727307729831637, 1.8838432995980838, 0.2710311785384647, 0.13084248915816943, 0.32885491706880998, 0.3191075694188612, 2.8572416435584955, 3.0108376944981785, 2.4932914492943041, 0.33732054055047911, 2.0201056755327613, 0.87507281033316531, 4.659690664125236, 3.4749357165354411, 0.88780389029034268, 0.19980061837779317, 2.2265612301789872, 0.038193198391070382, 2.3856372030865884, 0.79636342587201625, 0.046720608829673438, 0.98257668566921552, 5.1698474061486479, 1.2485305994693476, 2.6712194860623981, 2.1059061740731977, 6.1418390510914946, 0.18262346028873822, 1.670945189144561, 0.31426872794972383, 2.7038488295649472, 4.4660689781424026, 3.075983838433956, 5.7538778313003149, 0.060786066491687052, 0.85258207013524157, 0.090389409817817068, 4.1970033805097557, 1.1192023558793949, 3.2097447371561145, 1.1358388603612752, 3.4400095302505065, 1.9678407012342802

34
2
1.6775138720626614, 0.73044510149671282, 1.1760507306233876, 1.8558610339244979, 0.29910378109218527, 1.2570688251505828, 1.9941583601529373, 0.83697697878415056, 0.81271035643729306, 2.1911171770319413, 0.46317240648039615, 0.21540676837068418, 5.7565600213055461, 12.289953936087926, 18.819039388111378, 19.993237462744332, 0.98025515516053474, 1.4530519906473955, 0.76453455487853716, 1.1867432914281153, 3.3273376907891361, 0.46938843517904161, 5.6260416355123652, 5.8603979160612312, 2.4980926325209794, 1.2961817653472849, 2.1741305905838999, 0.50907649575879077, 0.75660017578707084, 1.4088588434559028, 2.7314981848372781, 1.1281373071230689, 1.4312188073726304, 5.7946709968193204, 0.035850100577675903, 12.331491459881477, 15.53363419052647, 2.0087886896552618, 2.9557023503546418, 0.72300749315309076, 1.0855547959401974, 2.3358835221345089, 2.0963520783730019, 0.064262702939515748, 0.16760423879469499, 1.5051592502900348, 0.46543142973791873, 1.3914579384020271, 3.2456967919299018, 10.220226366941461, 156.75130047587066, 19.168952195481666, 8.5762775288210946, 0.34627660633464075, 4.6149824107458244, 3.2102738916888711, 6.0730157347474005, 6.166665920795424, 3.1770272223635061, 5.6897640865311132, 4.0904278363619824, 4.8239414952932975, 11.172708036226709, 4.3817104497362607, 0.75204247986431483, 1.0674520921449471, 0.20176760156181217, 0.46389630602317311, 14.346909902211678, 9.0157016513061308, 4.472690583491044, 1.6945030846477493, 3.0167441211081041, 4.2493328440666573, 0.77231064130387495, 0.34128282124351017, 1.3393672306035, 1.0541950765881438, 1.151822616432753, 0.42685569629128395, 0.64737898013032691, 1.2303811586571101, 6.6920565005666504, 12.506582446559946, 13.034678787113933, 20.768155398044144, 26.726394560337667, 9.6306557553402854, 2.4876127096624145, 2.0222895552180375, 0.97169805438693402, 2.0784852233823301, 0.77934762480202835, 0.95905524054202829, 2.0899447072216617, 1.2697665737128432, 4.9969002997160601, 0.61178437940594677, 2.6381272424336828, 2.1470414096351078, 2.805549351566242, 5.4291898993546397, 16.777670128225907, 16.845401527817216, 1.1916061421797508, 5.1409207524849876, 0.25923619995768377, 0.86001619426110665, 0.10193378265807951, 1.6712304167683101, 7.0469098423511127, 2.9719052162781168, 2.5532530193566458, 0.13289633896857822, 2.1767973906912061, 0.22440547356814022, 0.35620363716560632, 0.84647625643043511, 0.68196323235369505

20
0
5.7238095496917367, 1.7994202421855334, 0.3590451433852877, 1.3951630201456737, 1.6838282070398805, 5.899278004898008, 0.78266001998065349, 3.2987782724579802, 0.77807807537232065, 1.7622412034463082, 0.21132334184193269, 1.0298236188433805, 0.13903790038563102, 1.8808997582564757, 1.8431399732479576, 6.8755748261239091, 0.3836525393564898, 1.9088852633990996, 1.9612833837750827, 0.89330641238581165, 0.31170944554870061, 1.9625122088145304, 1.1222809833688814, 1.1193434218622826, 2.2768775996557906, 0.027687097467122612, 0.2897879866745825, 0.96347966051632739, 1.1171668095321934, 3.282211508916248, 1.9888266387072235, 1.6358654735969367, 2.1208226789115088, 1.477794472220296, 0.13881884706484016, 2.5062332153113402, 7.7095473973220123, 0.066812897518275349, 1.1214797312628662, 1.6521287902289714, 1.8965207705788316, 0.39185947311636937, 0.59573723521725697, 0.91598857022137281, 0.1951849135188013, 0.59521583992054161, 0.17143148560674604, 0.17739659695837418, 3.9050917714296816, 0.48605555873189132, 0.80200585426894122, 1.5688625172356296, 1.0705248193256125, 0.4372267435029471, 1.4608984017132798, 1.5966675716394718, 0.83518677488450521, 1.2561614732383077, 2.1074451247171169, 1.6648462004422129, 0.60681728685639769, 0.25616771484158107, 0.96118913274654005, 0.95895912269145356, 3.1845392785856745, 2.1613640873444524, 2.2881983778057702, 9.915511002077352, 16.832336318289833, 16.070476413173878, 10.389266216292668, 2.8935573427503414, 0.35271308172667659, 2.1930077341874323, 0.11689866312812569, 1.2570168165950122, 1.3228980431047717, 1.1452204201198697, 0.38451513433631135, 0.43822951714756186, 9.6303479661929714, 1.9308459924138788, 1.8118132608926203, 0.17253935052519864, 0.12616999074515434, 1.3294197432433066, 0.89764426699235855, 1.8359467962355893, 1.3219251096501239, 0.43847985479146701, 1.1324923726090503, 0.76222327160365921, 0.80205017764620834, 0.21139995408600498, 1.5791344540667183, 0.057387200275229588, 2.2582952829833403, 1.5711745566465538, 1.3461097500057235, 1.3482973728504817, 0.34271808130131376, 0.09195537021258815, 0.11845032072079675, 3.7683154478903589, 3.441876672478088, 0.54839838798943674, 1.3972353585756423, 177.14256876585358, 0.79947107905729808, 1.6741554775678651, 0.13673542440670872, 1.0242542086737103, 1.1722509520740232, 1.8548257702750561, 0.23258292471928144, 2.5571447133942229, 5.9285103970909745, 9.4231691523607424, 9.914320515948134

20
0
4.4600184663376581, 1.4710342199364277, 0.87460646742607651, 1.8281523750222277, 4.0696809797825324, 0.32051918164393101, 2.0015958105023799, 0.92829828690847194, 1.1314256646257661, 2.8877493453206569, 14.589376359845915, 4.5403120687592491, 1.0929109532892483, 1.0034001022897883, 0.1186343514203827, 3.0935473475106505, 1.6906374516531741, 2.2418043095876783, 2.2034558456737159, 1.1772253321337871, 0.99641527387109363, 0.33915336014257491, 0.67047131029951856, 0.44848639445501703, 0.43674537263035518, 2.9212553473900016, 1.0882087774954812, 0.80346424642380043, 2.8293517446331862, 0.89902966024340003, 0.28040838370168331, 1.6570769194290165, 1.2516627705902579, 1.8378121051130734, 6.9131223457896454, 1.6428241144997742, 0.74707920731168542, 2.567093403680019, 3.3546682980659739, 0.035860297184399315, 2.0762943408176966, 0.06613036004145556, 1.0869014158947721, 1.9193136272561162, 2.0364545425483129, 1.6925280791397199, 1.5025814316430797, 1.6457878523124236, 0.99317905867957279, 5.499805322547104, 2.2670703898170927, 4.0477229412755946, 1.3544957070044461, 1.4905663731130971, 1.4118848570066973, 1.9687528529781844, 2.6900163787915119, 1.3011957776695056, 6.5579124119562948, 4.5298726188583771, 4.3733946931390051, 3.0218445038665891, 3.4127373529235001, 4.7847620069218237, 2.5250976321568714, 2.318022141338929, 4.8732106975522811, 1.9320103553737908, 0.28249456577759702, 1.319438481528266, 1.6370257520092082, 0.99544421426605822, 1.1976963319474407, 0.36342542711156511, 0.29164794650949943, 1.8185860191018719, 1.6063857014357268, 0.15498620428695631, 3.0485782817034419, 1.6317017569474501, 0.66194433744669823, 0.12684002698358654, 1.6948410070608588, 7.8860761672108879, 8.2892748019833107, 0.5851089786879129, 0.58029237486653074, 2.2921794378188451, 0.5605910661214466, 1.6859028383167356, 0.4919027163773535, 1.622581262043127, 2.4698068231920729, 2.021720573036248, 1.2705216198093581, 2.7795737791468582, 4.8986571394592033, 4.0508885379369985, 0.080566002194643715, 0.16370468649427039, 3.140467219642062, 11.688524572919164, 1.0964438701891481, 0.67851783330849003, 3.5404120017096261, 3.3762374230641399, 2.882197231450732, 1.3009256565144938, 0.64029881853718962, 0.43405879230340361, 0.11678082243673771, 1.3553825062375608, 1.063450965979257, 1.387764094219051, 2.2343899988204612, 6.4070841502469875, 2.992894340324824, 0.16076637625860712, 0.31446446992566734

20
1
9.7849971384897003, 3.2098004985392663, 2.1302631635045088, 2.8686674703106974, 2.7396445372835672, 1.66111017733121, 3.2850020030130054, 3.2060438391093555, 3.8008812875094691, 0.66728363506700816, 0.028523687858012181, 0.20088150482371248, 3.1467337850643275, 1.2222934102318277, 3.4330703666649924, 4.0027307263820546, 1.087680974429361, 1.9720832674457256, 1.6127608203978525, 3.2956491791808844, 0.95308846720655538, 0.11134814096448054, 0.0035493214362816161, 3.0284352066177007, 0.88693738016328894, 1.6313154081211678, 2.1570723393823528, 0.82025665660319191, 8.6561075101809593, 6.5865637793061751, 3.5170199565927192, 6.2958632426260408, 2.6302912516045751, 2.2133836435475871, 3.4450945794044969, 3.9731004894960336, 2.0515224479787548, 0.2449160677706459, 3.3948566250822978, 1.9651579921482494, 1.0795004051794024, 1.2148448278878732, 1.5990839350805288, 5.1770531865627447, 1.0554822411798739, 2.4482637315349791, 2.4145519956404087, 1.8927933923866931, 2.2571599961293032, 0.089872668703662839, 1.9089168343285792, 0.79273688909927387, 0.37638886333456867, 1.7324520377168255, 3.5362131154812459, 1.5624185434754168, 0.28376609829780364, 1.5912345970542674, 1.0262668889209863, 0.19310721897045369, 0.68625192379124655, 0.52441216480059438, 0.061690043571104525, 2.4108331016468014, 1.2527668241203855, 167.82198413654305, 6.6318165394032462, 0.10992027679770899, 0.84721415173675041, 2.1809389156817929, 1.6728530279307279, 2.0987050675103092e-007, 1.9582470854649614, 0.38054941133555076, 0.26652418534797562, 1.8902724022971142, 0.91495824376079327, 0.46699043498011861, 0.041616148941784559, 1.0586098813083709, 1.5246608530733852, 0.93202814146036417, 1.1279540351557102, 0.28107992119748815, 6.2444845139933705, 6.4102419831355064, 2.9282256928700008, 0.95512593364753684, 0.0056078888877095778, 0.051654430655332817, 0.5667444145283298, 3.9671025708654497, 0.86654213669805813, 4.8286218214260543, 1.3917708218794473, 1.7440918282705979, 0.12957544095917228, 1.2067806964395231, 179.04292265279037, 2.5134101718385864, 6.996962424706112, 4.6761734865525, 0.13399851426925125, 0.40255334362404938, 2.1896288618188464, 0.42018862835084292, 1.7008459896859449, 0.23073144800036971, 2.1975840699383866, 1.3524769385646778, 1.2524514483924918, 1.9155332021463209, 1.52346613213615, 2.5404841171787211, 1.1640498492487268, 1.8811604544725924, 1.8127428007242656, 1.6890975237348584, 7.5036537327900135

34
0
5.8763930617927826, 5.0230766473811173, 4.5268569577021367, 1.0820262384929151, 1.3398159421986691, 1.9504111667355062, 1.1592027582898936, 1.4900547156120467, 2.5682243727668492, 1.2875257690651551, 0.41825098429904983, 2.6809560155160739, 0.58144101022779182, 0.43489405818056071, 0.0415578284717526, 0.21738393860835004, 0.27628483154228434, 0.08948421590810085, 1.6989228720472056, 0.13604420271866502, 0.66973608789021455, 3.924071197745775, 1.3604177264262489, 3.3290198241060693, 1.9791604031115071, 0.80417188273412421, 2.2173214762961493, 0.58827654436316834, 0.075917806854874925, 0.32248137275689714, 0.37841862215469746, 0.034880260652585093, 1.0068999731690838, 2.478387888814666, 0.56751818364830342, 1.5523150483716108, 2.4438462591696748, 1.0951283988977707, 1.6446939058826047, 2.7700272949831515, 2.2968624500300052, 1.1939013059047738, 0.71354952458807475, 0.45217440301212264, 0.076194925546815284, 2.0137643432291839, 2.5154798048710632, 2.1831018537722002, 0.4672238486522815, 0.071115095467831679, 2.9811415368332916, 1.1087707398303337, 0.77816811230928806, 13.217294219867398, 6.8104218897595956, 2.2208526745059771, 1.6319215775874909, 3.8495707996848409, 1.3654951784349123, 2.4612411306219997, 0.19355981761066232, 1.4408018660496964, 1.033274583038974, 1.2758166966368663, 5.2177298560000622, 0.30000087438600076, 1.1555893121962413, 0.065255816396813771, 1.7105069037013436, 1.515066214300532, 1.2210559626602162, 0.093608508372085453, 1.187738858708201, 3.0773676263675895, 5.3957646042701128, 2.6285649285166812, 0.93437087026140375, 1.4953221835232569, 0.86993395679024843, 1.3364234944317559, 3.7478322061466827, 5.2043344796089173, 1.9029252478487706, 2.406095864235283, 3.9644878717778624, 4.8163788606704827, 1.6533980052874995, 0.80244556459047089, 1.9001953160336598, 0.55494179995969262, 0.401201759629771, 1.8408775959843524, 1.5828993512111538, 8.6052587594095939, 1.4932349900651616, 0.7782706721192767, 0.31973078892895046, 0.15971698320333871, 1.603249309429998, 0.098513846348737388, 2.227058953429605, 1.1568785049453822, 2.4355433079348927, 0.11336843438095912, 2.6811222104417993, 2.8804310226186658, 1.4248897527446616, 3.4189919779897195, 0.61145205300215366, 4.9856592858928366, 0.46172206839099772, 0.85343696071151953, 0.45885474954513938, 0.51407078539767781, 2.3173531564254972, 0.64239001004102647, 0.061937268118640532, 1.1705245309217389, 1.652360235411436

20
2
2.0864194664543163, 0.69987156107441706, 3.2732061635992409, 0.61543309919059652, 1.9787887829927797, 0.20394238644993834, 0.61614324002817966, 0.78214452970024695, 2.9773260293829367, 5.2215303732182861, 8.019474596058302, 10.209567151436175, 0.7689239817323994, 5.2995487451618146, 16.35973270497567, 2.1092291782217387, 20.313423728796351, 24.786258580633557, 21.592326322611257, 2.400713215001872, 4.4318912367428709, 14.427680983330049, 17.349427983995156, 2.2560899046706879, 0.40404873255226903, 0.87282819032330394, 2.8111113028295733, 1.9016753813954779, 2.0559133770488529, 4.5432169202738635, 7.206325870914867, 8.6634297939312717, 11.588645258426027, 13.440620965580877, 12.691146617225741, 3.4094163099998696, 2.3996092469593009, 5.4148679972777245, 8.9984178336596869, 0.60968788325141077, 4.8041868771012446, 6.7980442182882825, 5.1032789626572139, 3.4292502924772634, 0.51653995116203077, 1.4705552306107279, 0.33427186374751727, 0.53980889713156444, 5.7711901405999129, 0.074594631174079495, 2.1198502339017296, 0.41913512906671713, 1.146963926380181, 0.17054706426893063, 0.26952624292778182, 2.7603073513508889, 4.5756856479390535, 4.9748950174856645, 3.1437979918904375, 4.7277574966921065, 1.7515498687429272, 3.8109266850079848, 3.9139917019706445, 5.2806057991981561, 3.2498938464283924, 0.19103181430830318, 0.40666479874562356, 4.0640623039082016, 4.459933211756038, 0.18255003260787817, 1.8089611866645896, 2.4035318703694202, 3.5447394185299572, 6.4399630974240551, 7.8003580179198195, 0.037205985031505406, 2.0916594629563576, 1.6798412592054888, 4.5056566798002677, 3.7960126495447071, 0.0093643525384834447, 1.5976877247766197, 2.1653535909883885, 1.1786025529358994, 2.2491832100270415, 3.0264418686827241, 0.23148409118897462, 3.2851314957895283, 4.4645692870277003, 10.234629942008496, 15.721182041725626, 8.1153989368794441, 1.2251730511575261, 1.8042364626765561, 4.4135899204321163, 6.6026388090859882, 1.4819819511013748, 1.2849383058445483, 2.0518332525952019, 0.82027992904676239, 0.34443995164122043, 0.12386451240752194, 2.5618212451684599, 0.11449938162405715, 0.79992452310688122, 1.938579075021039, 0.94940062633531852, 6.3489634807170887, 9.7169252892988425, 0.48126780981920092, 2.6359792127265109, 2.1365022860489944, 1.6325899039414935, 0.130719728040674, 3.1920258091940923, 0.10321063513737272, 2.0034112263859924, 0.96326628438634998, 0.5514601148037741

10
1
5.0630399630879879, 5.9425425852250555, 0.41917288956256016, 1.4318037851641066, 1.6927416458155164, 1.9332866263452217, 1.7179318093210441, 1.9236327283837227, 4.2417552572635486, 2.3787298422627714, 0.51655556752220377, 1.226629450646044, 8.0121950367262116, 10.124606305633506, 13.085486656999592, 6.2575350451261329, 2.0384980685880123, 1.684212072197397, 1.4224287515588685, 0.94192506168019463, 0.43843911925688417, 2.4139476229192951, 0.92438263575570545, 1.1935274512405272, 0.051892267430048378, 1.1555281360354002, 1.2130645675742926, 0.12148572868488827, 2.2738397524460652, 1.9887940265597308, 1.1627347240400923, 0.75839683656562329, 0.78682988178366031, 0.39092451368196635, 8.6456660788796285, 1.9914523890305986, 1.207344902652892, 0.28095663049555242, 0.3996723019325259, 0.4327632966087549, 0.48220405206745909, 0.76409410969318969, 0.31557120391687477, 0.23580670987297481, 1.8204086456414643, 0.65181909570105745, 1.5998357837786443, 7.978120487976355, 0.43132056090985316, 1.187227261252815, 1.4250811681058622, 0.16561077352764642, 0.72459185382268743, 0.8387189325699751, 2.7949963620407061, 5.8209711380196154, 1.3137965942876235, 1.5465307825149921, 4.2224345405995791, 20.228705541631825, 33.956388041271623, 45.752425585235528, 60.249093595489967, 75.044224010176578, 55.463256264906846, 43.935790928128853, 31.860184359311603, 36.768771613066889, 49.558951451054298, 26.520241502662657, 18.985242888773485, 4.3491142035884707, 10.189458130084802, 3.8558345096799087, 0.3646299856727353, 0.61671675384499736, 1.6969978705295148, 0.4628694718721249, 1.0762344914072344, 0.1167313473169429, 3.8732510902570993, 9.6314899262313816, 11.943509370913546, 1.4719000152240937, 0.309078513412544, 4.3512912212613344, 1.7501640079295839, 0.20870560984886311, 1.5438186630118764, 1.7070915183410875, 0.55368287863444721, 1.7177291654127771, 1.8569009177115561, 0.39506174312111852, 2.691733796630956, 2.2996170360683834, 0.72161962163824001, 0.58667932372861742, 1.6393722953689007, 1.8583814101729104, 7.4026667188909414, 9.5128991426227856, 13.707857056642666, 6.8805926738551193, 10.448674983859291, 7.1697540831779634, 4.2964574862760401, 0.90787353370683377, 0.794266287167261, 1.2816735309611431, 2.4690366882222179, 0.83200721648927356, 1.6813703484663165, 5.3170471841835933, 5.0127741515503885, 0.13058856287199205, 4.079500287485871

20
1
9.1853979547433369, 0.099116296183012764, 1.8091021366448103, 8.5995902741716179, 2.5866676609937258, 2.8997222082551843, 0.25289365195072833, 2.914531875224327, 13.00821064478356, 4.9589786843614831, 0.78352488069248238, 8.8999706242395291, 6.18158102532567, 0.60298655572324833, 1.1145638812660081, 2.1748955531892307, 1.1334534703016743, 0.15760461200966347, 4.147797423219572, 14.488355103781061, 25.557129020828853, 22.819933823357076, 6.8285017850428744, 3.077032418462835, 1.2106355185083544, 6.2957664123417203, 9.0324101504962186, 0.43789143172386957, 0.88486161681683484, 0.12270113945220373, 0.43308761720558664, 0.94009419795315807, 3.1254380383355738, 0.39799166780164796, 0.80425999673519755, 0.51885878465202495, 0.70412229184938724, 1.4095755480649927, 0.2332796761425584, 1.3746349144191186, 1.1634155322638549, 2.2666162633725548, 2.3031741082208441, 0.50622761913751901, 0.30366053228459577, 2.9234390066550873, 0.61763555208648313, 2.2177199685190203, 4.7381828701075506, 9.4588546191621958, 2.526394534874612, 2.3862666546343121, 3.6744045515798121, 6.558492085929629, 0.79211448375383497, 0.93820920804193975, 1.8868967580419849, 4.1790341359032936, 1.4771809110133063, 1.9172857914194879, 0.26556709887114494, 1.9395173456767907, 2.8075722674888084, 1.4536720886922012, 3.0560524127352551, 1.1594406846980405, 1.0575683941269176, 2.9035259023863205, 6.7548692443412506, 6.1425476898995726, 3.1570410520459973, 3.5120498096021038, 1.4607192821456465, 0.1903560159074118, 0.34035152537518343, 0.96925980617163532, 7.1241050031289888, 1.4871123556247312, 3.7822593781589831, 4.9445528835203731, 7.0675215385897445, 10.942586958930974, 2.5505501228815319, 4.9360718267444099, 4.0161324927050259, 1.1176873830008844, 1.8834141399316877, 11.254153634071372, 0.86849713067459788, 2.0278120267416284, 2.9092133243482863, 2.6381919859663299, 2.4736044414193543, 1.5164396585553277, 0.69832926459929467, 2.4082945899712627, 0.77073432107806639, 3.9785454543634842, 9.772637269356494, 4.0145756007579507, 6.501451680513469, 5.4646472418183976, 2.6903220390636307, 0.85670721586814125, 2.080894397438783, 0.3730187753261589, 2.8912715872173749, 3.2426600378559272, 1.2371687290321631, 0.33481323070506619, 3.1164313214352717, 4.7071501584035218, 3.8319560894834979, 2.1343327454924008, 2.0387032719782781, 3.1452289529891573, 0.15977844231474592

34
2
4.6347448264152149, 3.6451361463263083, 0.63120747506889074, 3.2830064847750293, 1.4660764411423202, 0.36936632743802988, 1.0402823033643358, 0.22237963992520804, 0.31086115639044465, 1.8664195048755516, 1.5304865411409594, 0.13267462892270032, 4.3390863899403485, 2.3534696369061407, 0.27227715404814035, 8.6492262184960964, 5.879388296612774, 0.08053542790287338, 0.77879971220045263, 1.1637511617531118, 8.492597049535334, 1.7079740022663827, 2.8380202764965361, 1.5214518496155165, 3.4170077335501219, 0.33489051190088048, 0.16119300465197739, 1.0418241541078146, 4.2105764132606964, 11.642897377692407, 4.3848246866673435, 4.015495572690952, 4.8630441908420039, 0.015131941682170691, 0.57957728435593481, 0.43035153721598363, 1.5531395086152315, 1.0852014199180076, 5.1049218832744714, 0.17481787255377412, 1.2511007219943053, 1.5681428848975543, 2.0864610433564508, 3.573261443265551, 1.7368110387462252, 3.678737022099881, 1.4819323683569792, 0.45990054581494633, 11.075461816075801, 1.216570188498622, 3.6604132537925693, 0.25180071975580631, 1.2091626555185258, 1.3355113303613848, 1.0794340696592712, 4.4024910644357647, 4.8543142660175818, 1.0169345082097152, 3.7579279500174607, 5.9634347254503268, 0.30620029654784275, 1.1576149638189008, 8.2092300824848508, 11.896703245424874, 0.62184258968534323, 0.62737911554359016, 1.7894744257221191, 1.4997841767324189, 0.44469360134053204, 3.2634553849446775, 0.8786484871321818, 0.013489751349766266, 5.4392808988172874, 1.6584029042757606, 0.20297515130840793, 1.1683755279448178, 3.5842210043132354, 5.1132208159496599, 1.8856701405582044, 2.1876363199362459, 3.0036045460099103, 3.6524036664887944, 6.6812080676783125, 5.194115550867707, 7.4584438227541341, 15.220487403600259, 146.56105598692096, 132.39062217853348, 146.81644877394223, 20.744425958446527, 10.302305212719148, 6.0422136682423684, 2.8143637434787934, 3.0439183771832177, 4.40268608954824, 1.30246492602015, 7.4097218451300932, 13.481626817500285, 17.207269442408176, 24.37087973674511, 4.330932807460556, 0.91090788408860135, 1.3108894985139159, 4.6668326095566499, 0.45343395477658532, 0.13938291150128634, 2.2696821163475533, 1.1348787581066517, 0.52489076641444399, 1.0060420322196819, 0.11057686499651709, 1.941435370652755, 1.6545538087389104, 2.4414959794695505, 1.7655113286025426, 3.700052688387018, 2.708340840571509, 1.4715096553825333, 0.54532407940831717

10
0
4.5769656533963428, 2.1268665779556954, 1.3510449863744611, 2.5506336197000508, 1.9496854434368629, 0.35401825625424976, 0.28987429383289509, 1.6247927489331175, 0.23962182737719218, 2.5218692329640646, 0.56014334754877382, 4.7282033017893639, 1.3948418523260102, 0.40660690031768354, 1.199814221470433, 0.027665254060366351, 0.97424862143486735, 0.58294779171154687, 0.91503902425907313, 2.0783116708352054, 1.0132385061366449, 0.24621323690732311, 0.10130412632469188, 1.5180559620098677, 0.7459097589392627, 3.239079341393591, 1.7179982454563287, 1.4415868482944916, 0.7363958397031638, 1.0217480509983261, 0.15335625056707158, 1.3809197540567766, 2.1296103779832265, 1.5499163993264915, 0.29470377106412116, 0.70083844091203673, 2.3329097471945488, 8.6720639805459427, 5.0096873033226075, 2.4112856391377022, 2.0441549369769518, 1.5076297779996821, 0.49446930268510414, 3.2990446801849203, 3.4862712829733482, 6.1575765594042196, 0.42247965373496754, 0.046658536001359607, 2.0528424492991348, 0.13591104497714923, 1.2318133782534915, 3.6672095935360858, 14.204639334352862, 7.607818324691209, 140.28417696471479, 15.900843315644693, 7.0396069385018336, 1.6264816576810972, 7.2268028753873068, 13.404756352125901, 17.377773688414663, 10.872975770630319, 0.32640243586553197, 177.08895743020048, 1.6901796323066947, 1.6708200557341684, 0.78048584937778287, 0.5432986384682863, 1.4978006589544748, 0.43348723033045644, 1.7939440270811815, 2.9329870269244225, 1.4040153580000947, 5.0438125301745345, 6.0085583149568151, 6.2438635174752335, 1.6089095995380376, 2.0945176000800529, 1.4113692424224382, 0.27417387508387492, 1.90660558206514, 0.37920068339880686, 0.063907241624775679, 1.122526309428082, 3.6692382992229398, 0.58987732149321914, 3.1968145928791216, 1.6099015243924839, 1.4868087637530607, 0.99974936002851678, 2.0532969283624993, 0.66447071054358275, 0.92032342535787848, 0.90544557942885717, 1.4764713239932803, 4.3066671119194666, 0.99592055723013573, 0.52447723002939028, 0.80167671111740901, 0.17140014275551607, 2.1496897908106121, 0.25169348797436442, 1.9968009349755107, 2.1793000873337292, 0.9206511950389995, 0.55228339523443992, 0.20892863680955998, 0.014817270253615789, 2.000051852626143, 1.4331987627060698, 3.7708728322280649, 5.7537837942748524, 0.53937047291879026, 0.30238707842340773, 2.3491613299462699, 3.8786003468379988, 0.44741293472134203, 2.7274402486003737, 0.34759734768115891

20
2
5.8341598004050184, 3.516969127302275, 1.535341633240904, 7.928633165462486, 0.030577632142865241, 0.63788280114903273, 1.1003930412846046, 2.2235488615535814, 0.47002104456888105, 0.15952292295793313, 1.059091141985931, 4.2153120858633031, 5.3853910973620316, 4.7916376027293381, 7.2157334332885057, 12.668349854325527, 16.13200339377255, 6.5526500398332814, 0.059611059351482254, 0.54083527489689232, 0.15707904088429814, 1.2602745170114531, 3.4925720320185292, 1.7984994574436826, 1.8111673466931393, 0.057280588808936272, 1.3138575577017946, 6.6304441773721976, 13.79229966623393, 8.6096162850529936, 4.2897673036407014, 4.3158178940112748, 4.0505021822888807, 3.8486708448687068, 5.0780147214838962, 1.6486207703952402, 5.307395630542743, 8.9605133437214022, 13.531336466686611, 15.53337727210328, 5.0479983232665973, 0.53027245880838336, 1.0979649435356578, 0.5073011969074912, 0.87156975276650428, 0.60879822099568059, 1.5049568944251632, 1.3718460139921831, 4.1188866941924402, 13.790860773722272, 5.6029539513037889, 3.4502235312974108, 1.010318610432023, 2.6518297056911706, 4.7690705855300735, 5.509613134560567, 10.905847460902322, 16.263865343226371, 19.018500185795574, 12.603053739090512, 4.634309630279688, 1.4457997679144796, 0.083789302840443725, 1.1958690763285631, 0.36970115853495145, 1.1192735570058403, 4.8065343725914431, 5.3195289259822403, 2.4446642664814249, 1.754735462613894, 0.71188472215703769, 11.069741507312472, 164.47949708671092, 16.105524278959933, 0.18393757726607873, 1.2580307849716519, 1.4034875578541346, 10.32854068161339, 7.855187649006325, 2.5733043929546398, 0.038906511441780367, 177.68917748514724, 1.3340895459460853, 1.3749302685084785, 0.16890947003207657, 5.055733053328936, 1.8736215614891876, 5.9627852692208307, 9.0389859590120523, 37.167763401405466, 34.321926257512018, 22.007493524831034, 8.0838134639785721, 0.15810413424551939, 6.6722941248260952, 3.3604451630828009, 0.057487384996164792, 8.4122204916274086, 1.8504916265870008, 0.69955572083586048, 1.6378646510381145, 6.8656562383317237, 3.3874783121447081, 4.6957221710020747, 2.1516675711918367, 14.582856106249096, 11.006339440986096, 6.0388060766712783, 20.051153296861088, 26.029725521535596, 4.5724349933006465, 2.5958851871330353, 0.28045648953587943, 0.17863125807889446, 0.86140363941331088, 10.554857973763433, 3.066812564740701, 10.18740604147979, 3.7004665426497354

20
1
1.6988664148595944, 2.1823858674025871, 1.9818717225642786, 0.012662935863176017, 2.8474917015603864, 1.4558907915126724, 0.3472701719550173, 3.0180999508630464, 4.5568682623934933, 5.6526740318935254, 5.4541526096438986, 0.45504438308847739, 0.80128204659854418, 4.0656517651690365, 12.342070196811505, 8.2659573583332246, 17.288370348126477, 17.036532424179995, 6.8271897076084826, 7.9274137128898587, 12.253878156958706, 10.429743691294959, 0.93792989748729383, 7.2025099094738891, 11.029041681698743, 12.753956458856976, 16.352056296885394, 17.591964355625834, 0.043106835349078665, 3.4255191568048531, 0.29139639945293538, 0.086201046738523246, 0.23401954353661836, 1.9110175289276299, 6.2789058499569705, 2.3274347068723102, 4.2402287184249019, 3.6058404151062007, 3.053974153310719, 3.0103346590530862, 2.6194821287303398, 1.0394091941251702, 0.14360900277469568, 5.8190259325415639, 2.5361960715296448, 9.6560380430789507, 0.067188221050571428, 1.4703417373208651, 6.2424435598676382, 9.8937514860216993, 3.2358332671606149, 2.302504960164697, 2.4933035327982509, 2.4669105609373219, 1.8215287854388293, 2.1266696118697723, 7.3897382519853068, 4.8914459471181715, 5.2686106795263186, 4.5748867604508803, 3.1325655696715273, 1.0000527849779246, 1.6018496370265325, 0.72113521969299654, 3.418389052457087, 1.1711121087916467, 3.444529047221522, 13.085169711048536, 9.4720949669085712, 3.4269277185388205, 3.7962669090670715, 9.1729721280894978, 10.293495643255369, 13.983080653149727, 24.14577570143382, 20.901042813724189, 7.8720365872942466, 1.2987498163699911, 0.78834890720315798, 3.8955814478597972, 2.2038524976370581, 0.36018903579861217, 0.79904680041101983, 1.1689217776308567, 1.0391536941725406, 0.70217328792773515, 0.88532067481486365, 0.93681529551673748, 2.2620071085909501, 3.8870073500054332, 4.4971737131850205, 0.38642891362391651, 0.74624564120904324, 1.9922842960536684, 0.57620755625319475, 1.0642694775020516, 0.86838976135260282, 1.5066799454782256, 1.8594112489936947, 1.8384366047743868, 2.4812203257416172, 2.4071930042466363, 4.235068898576003, 0.31571436364004057, 4.1717468262243642, 0.78722481045065251, 1.7095026716264101, 0.37959187824822038, 2.8972403881180071, 3.0231600832593131, 0.90255440265900688, 0.37764629772334501, 0.9561446989815181, 4.5138197115928733, 0.91521915485566296, 0.81658452423118888, 3.416335139855903, 3.3904158988181052, 1.3129904927873213

10
1
0.046619716845043513, 0.18274402091265074, 1.5788434632869439, 0.86592926871404075, 1.6506516874493684, 1.9699180467213466, 0.30960922745890684, 0.86120310014041479, 0.51482863604243789, 0.67646635225531782, 2.8365038589967639, 2.0154353981907605, 1.8158142865293598, 0.20780494719323883, 3.229619896890199, 4.294240324136382, 0.87348870720569494, 0.18523771268746714, 3.4198292637656778, 4.5691364008579285, 3.7565117231079626, 1.0001861620413024, 0.098366435140235353, 10.215698204643672, 3.0064087251443539, 6.1434990750657335, 0.27955718904263449, 2.8135273231006863, 0.31769678776768728, 1.4068034102864715, 1.8460539187837526, 2.8764771070411257, 10.112764058189498, 20.73011470186367, 32.320632888253385, 40.386922624697377, 37.778768949654932, 34.975710374625976, 42.020754852155733, 50.613193953086352, 66.551716049220204, 83.86841909518273, 69.158862577894809, 72.235605334370689, 109.73958832971545, 124.26041164724347, 133.26241773738991, 34.401820462139028, 16.083280691237746, 166.72446325786518, 156.16855527718553, 148.93698132461503, 123.48004291264886, 102.67165423844244, 98.285273688066809, 108.6648249870625, 89.198420191487912, 63.511649279924598, 35.340082347892917, 14.929830715425567, 4.036552767232962, 9.7725276414335553, 1.8791736115057915, 2.6673752409683971, 1.3774690135056744, 0.30328940767856238, 1.1501121327886494, 1.6654395876209378, 0.75517202978141995, 2.9858352037383611, 2.6297703010361602, 1.2971100176941377, 0.17337839636877561, 1.3494734726644992, 3.13041764615528, 0.7455972810579965, 6.016228927942052, 3.5964733853811879, 2.067457024506723, 5.634780598018807, 3.6567433552272064, 10.186504004873314, 0.2354667933486212, 0.79929692536421726, 0.41538169096114075, 0.11426869871993972, 0.17686844068055052, 1.2207735899975489, 1.2672024243994997, 0.96901707188206387, 0.97416879225337993, 4.1893927532436237, 7.0049861805485989, 0.7724074276228805, 3.5353051677072642, 2.0902223010744194, 4.5926326793828025, 0.14429226524333671, 0.9134058070359572, 1.4873395599857702, 1.4271929303474167, 4.4291503811337805, 0.84626564742291066, 0.46716567400255826, 4.009624681964624, 10.576259915578134, 2.4902251082858129, 3.6332902583768885, 0.61853832930606245, 1.3461703759283239, 0.8592176867515775, 2.7802981874886257, 5.9115501578444025, 0.32636879398856422, 3.008436800243544, 2.4082730719881056, 3.2835023634852121, 5.5156149105916654, 5.6783598864277565

34
1
8.6916129929407475, 7.1753604938538444, 1.3697041562338086, 3.2995540766587794, 2.3731497020634151, 4.0876138110766078, 3.3148910824216955, 0.51658334123754912, 2.0857604467732926, 3.4228059882862567, 0.8865852378424961, 5.0374106018436748, 5.7831771090595794, 9.4706527291700127, 6.3687495290886886, 5.1095641958776241, 13.875052125102286, 16.017595265093348, 19.777458630184697, 4.2425795007389979, 2.6241936803594967, 0.94689760366694031, 0.26518177021560518, 1.3209079901861287, 2.5923519463346167, 0.95022630160420363, 3.4744300640655297, 2.6124887713105807, 2.3985657550304609, 0.07231147401898852, 1.8045748502838137, 1.9116977564654007, 5.0765677145564609, 5.6650967391922791, 8.7424685475505726, 2.140819536230083, 0.0043320602541143671, 4.3244006541339957, 8.6802633011096759, 6.5274331708783961, 4.304137577834183, 3.2094601026314535, 0.63213160633324605, 1.3907266563053895, 6.4497391357217566, 4.3266894507860343, 1.6106122040507103, 1.8918217721923156, 4.0406665477436547, 12.293642951363779, 7.3028674724642997, 3.1592343954771422, 1.4622006138991424, 0.46816349341844443, 1.5313565606791144, 0.15358303133257323, 0.095867383365884962, 1.1757413764648845, 2.7883405823822613, 1.7091980255166845, 0.54168452528659827, 0.15285022093507905, 0.92333844316209479, 2.9331225535348153, 0.62839255634679603, 1.7751190815803284, 0.35006371987236662, 2.5600220251743622, 6.7992560786296394, 21.542749501113519, 20.354990704760723, 159.24203050125271, 6.286212301588364, 5.7599784474189732, 1.3471361434496316, 1.9489616239144425, 3.164599979956165, 3.5501058198295823, 2.0864091304293879, 2.5483649314181775, 1.3164422920686434, 0.94223617699981332, 2.235885760875135, 0.12524046602806038, 3.5944667814438844, 4.4792379731471215, 0.64753628318482015, 1.5351706159514151, 3.9946733484994184, 2.1825038482528498, 1.4169134618149997, 177.19334433319511, 2.1206295529186718, 3.8219163014916262, 0.60067190207411159, 1.8199863466982151, 0.61624063899097337, 1.9070476556427707, 1.3486700781733134, 1.0780809628475367, 3.4731750518748186, 5.5148117942902104, 6.7967217913552531, 6.4194865569588728, 2.8421726645347007, 0.05646328921420718, 0.11862699983578295, 4.2071635191972518, 1.4338893833947282, 1.1683629074518649, 0.4907110437194433, 2.6791833231376074, 3.215000306769241, 4.2358846740551996, 5.7777843708569776, 5.2478507020647385, 3.9897590405656729, 1.432294839500031, 1.1063005910316974

10
2
1.0677348218796965, 1.5001110313747006, 0.21262793146189551, 0.21669421981439996, 0.032948150210017957, 1.7573558886213902, 2.9692786678214134, 4.197979766840092, 1.8910112774391905, 0.19657998576025193, 0.41864262657054496, 2.8331658109758564, 6.4748032330674619, 7.3481537516790354, 1.5871515516496686, 0.48322104831120782, 1.1483859112766197, 1.0617879584684147, 1.2407849340699499, 2.6871602845986331, 0.88022449138770753, 0.39805048063215054, 0.70471725887824732, 3.1093851356075675, 10.83905202048328, 2.1029183725541429, 0.12532795721779166, 1.1635820967326254, 0.19872734581417717, 12.489310447669709, 21.947875052326083, 5.0048787790757387, 0.2194709446549723, 2.3413432094126279, 0.74516279728368318, 2.3787123883839172, 0.83924075054045488, 1.1248511735046236, 5.0268938843915976, 10.779950958032543, 23.421676755142187, 20.041322838423582, 12.012357584646111, 16.799800623242959, 27.044974069967452, 36.772891870345575, 53.716638006077005, 56.826032283886889, 57.973473390675309, 43.43887134191371, 29.818688871020584, 28.913359422312283, 25.579330367860734, 6.0838397626538949, 5.5954456451511874, 3.3665670274403965, 3.3388487607376192, 6.8654639600538303, 6.370144283164052, 10.736223376081114, 1.5044997457224554, 4.4991109624954788, 5.1539579052554245, 14.101150718683357, 0.6041031806976207, 5.2833863567722119, 10.298211567667579, 2.508535316721634, 3.0310238460811547, 0.81982034623320033, 1.6697951795202357, 2.2779095428799678, 5.0945950028873881, 1.9267127410956846, 13.515627399971976, 16.728172373289368, 6.0990236855551245, 0.091902661542235364, 4.2207775084984576, 1.9130084286794613, 4.0400922392689438, 0.22455760886245457, 2.2939240544811526, 4.0753149165813625, 4.2509203722587188, 3.317037314682949, 5.6510554483245983, 1.7606940159865871, 2.9531653767369619, 4.2155091012455159, 2.460881429837201, 2.39260516012925, 1.3813612589484592, 1.2803119408053192, 2.0736705253921457, 4.3845366950851883, 3.7100918484080125, 0.68496260007131582, 2.5150833386705642, 0.19318148908573107, 1.3994661219252293, 0.018703306344207249, 0.48908559588767275, 0.084981098868865956, 2.6724382266447719, 5.7909277152970162, 7.7993636225107252, 11.988865494906122, 1.5697688793501925, 2.1506697942344317, 3.3361967318995767, 0.61713471346797633, 2.3892196419115521, 2.9048216767973827, 8.8022265269379432, 0.43593070162398817, 30.326400161695403, 51.55560258661319, 65.109875889297314

34
1
7.9046489370643371, 6.1588623978555006, 0.80724848781284209, 1.2078232257844945, 0.12918664202464925, 0.93982968257608945, 0.60175966243087942, 1.757450597241359, 4.661896508682787, 6.2199542247411159, 5.544725511071988, 2.1009760140605636, 14.760673460646331, 25.844137321241647, 12.307588166363672, 10.299625340394215, 5.2926255381815963, 4.9989449425358714, 2.9462634275224389, 0.081876144515092619, 2.3768207391192391, 1.0422691332577187, 2.8231468863472742, 1.0968110439731049, 0.077960439464334286, 0.073673542824394644, 1.1512638863937354, 1.5263659219339729, 1.6600673867581008, 1.7508461080149971, 1.1688687826713817, 5.7052344068408161, 0.52353483525246247, 6.9799069642544964, 3.1288575762683877, 6.5139313229516915, 2.4377410426386064, 10.104082707940449, 3.0567797966612034, 0.19957365079329747, 1.5664427305633808, 1.0277695289885287, 2.4516431486134707, 0.64173641531522208, 0.087783125649423255, 1.2233966945827319, 1.1551731687060851, 0.55303173046536358, 4.439586335342824, 0.43529101457994557, 0.38522235835796437, 0.63601045224879726, 0.99819461722103142, 2.0737807161482351, 1.7298057429666187, 11.930343000502148, 173.68780375446067, 0.69397498005463376, 1.1126401933323677, 0.16061609264437493, 0.45127732965011091, 0.93154202683058429, 1.5975434299339213, 0.78535717286769113, 2.6513143196590363, 4.6201102210508793, 17.404245484896819, 21.499106246004544, 14.587181675284398, 4.5857136582553721, 2.2717887000320047, 4.3257227951871755, 0.42772637589789042, 1.4120069341911687, 0.60099686794569607, 3.0598848810801655, 0.28735474296215102, 0.66264840967642158, 0.79514457094251156, 2.586328510938813, 3.0304235656171272, 6.4174795801472442, 0.93852514439618062, 2.6967284572495487, 1.1152834672527661, 3.123051981851404, 4.2736365009332928, 1.1508815613437662, 3.3953341379063886, 4.6121624651985087, 0.86974343701268708, 0.27309450507669908, 0.044620886923325997, 0.16548132264543369, 1.3251471066914178, 0.35133348631737249, 2.9959147733386544, 3.3054456162869599, 4.958746986525739, 3.827810337425376, 1.0223659935478508, 3.0301466063077669, 1.1607350610618141, 6.809178795718708, 9.7849287402164009, 0.1154446273366716, 1.4606157636554258, 0.837798204555952, 0.15463351540074655, 3.382751414791187, 4.2010082339857036, 0.4703016687502668, 3.9319829254000069, 2.6972301843450168, 2.8997066886146854, 4.5434815337650889, 8.2077821303749943, 6.6207287886388144, 0.716561521778317

10
2
5.9911408958842856, 0.40242186071554897, 1.8172556091440129, 1.1621462127475297, 0.29492675883955144, 0.067093522257891891, 0.77200655024188336, 0.93038283254114162, 1.2402968202719649, 0.36731845441721589, 2.9762683102871108, 0.43088507603192738, 2.1541019632248606, 0.25613344174297481, 4.8280015275628898, 3.5022176141163186, 6.2586387907903713, 15.95664567742665, 2.5966310135423782, 0.99229030833569709, 2.1826643277822484, 1.3202265096134624, 0.37493421695171492, 2.637155052176638, 2.1643973765226008, 0.51187589770199793, 0.2212382066766736, 3.3511139228211846, 8.0206286427643931, 19.043350457154702, 4.9153090757484392, 3.7645574581558776, 0.93506631486715719, 0.59998011869478773, 1.2801989171578612, 1.1578506081912678, 1.2583782869477318, 4.6739865268644394, 10.58589360023052, 16.024068303496023, 7.2271032202925198, 1.5593201262305456, 0.23276094934084313, 1.8186871612960545, 0.68647252703317463, 0.51823150611573965, 0.54767164032790561, 1.9604762522897659, 0.54908155544006831, 0.28347047216499277, 1.2383428574814843, 0.58509266239445878, 2.9956699162801215, 2.8356564817187291, 2.0422390993128374, 8.4749464951595996, 9.9854026252031645, 6.8974616684842545, 5.7302314646667583, 2.4280692177659944, 4.9756272609786265, 2.0251198840344387, 1.8726976185284911, 1.7052676933279827, 0.40258507851268632, 0.67224632668245476, 0.23456945842104915, 0.26164391817081878, 0.66760500935527034, 2.7372391052333001, 0.30141924574911627, 1.3209694839902681, 0.017899817774775784, 1.0727346472110071, 2.5936386738037527, 1.7674477340380008, 2.0272561668311369, 1.8400806445722537, 3.3889547879249449, 2.7874941220353548, 4.5582289358095522, 5.4722376416724501, 2.1614698835931563, 4.8061463278126553, 12.612481012024261, 18.962389304153703, 10.47164131156444, 3.3786142433573332, 169.40986793818718, 9.3293876877103799, 8.5788104424046878, 2.7451148730451109, 0.21140048905488129, 2.2698425944000178, 2.7497280503292814, 0.72099353093040008, 3.008467190558008, 9.7146940111025515, 3.4389190447375313, 0.62260355842215631, 0.81808948198755616, 3.4145088155802341, 1.0362618355786708, 1.1864096792269834, 1.1264901408961805, 1.4634978969612007, 0.57755044550998491, 0.5078260821125582, 10.067384247328619, 20.873783312798651, 9.5571991160599055, 2.4329903448233381, 6.8986251233639564, 0.18776425554295884, 17.701790028255459, 3.8368817637651773, 2.5526288053604844, 3.8178013981859635, 4.9246508892865108

34
0
5.0926852944134566, 1.7027066215262607, 0.71086592066910725, 0.45007958647363466, 0.77217912193941629, 0.58830448966540416, 0.68918287236584774, 6.4259196789272721, 1.6692064828673097, 1.3317786134488472, 0.86542577246851238, 0.26628015172778419, 2.2200502906823658, 0.46871361777414222, 2.3920910629164496, 2.5124368811915758, 1.0829205205809558, 1.4095078540736381, 0.42557418034229499, 1.3909761503637696, 0.43243481575532883, 0.30053694310265655, 0.18638894387999017, 1.8525831393771455, 2.1021476654358082, 0.56686959353908151, 1.5056338840056469, 0.53448074731426232, 2.5077827758106537, 0.056411456300224927, 0.95122959108272198, 0.98820587099015711, 0.41687435323461841, 1.1347333661731227, 1.1655158768802494, 1.1790687637609949, 0.60168439995982226, 1.0891854323166399, 1.4653222825349985, 2.139788099177224, 4.8606106262319031, 0.64923015476989576, 2.4429475027492913, 15.470554888995196, 0.5987781460341921, 2.9598820034804021, 14.430563075361647, 9.051457956769525, 4.1565840060137589, 2.0388316160217528, 4.4023248625349538, 3.339454935850938, 4.9568603711664423, 0.46171354708684476, 1.6934594133547307, 0.58398663817411034, 1.4962570119698739, 4.7721021314237078, 1.0217244007063755, 0.662533657746053, 0.4732042702050876, 1.2812075422601765, 0.11123746173393556, 0.80496454273259133, 3.1765660181004591, 3.3071381846639269, 3.6666028972694562, 7.2428113573202495, 3.7707478606912446, 2.6016234255707786, 4.7805923252395814, 4.7924048571255753, 1.9227989759500588, 1.9934849094047422, 3.3448597804292604, 0.67381867412797192, 0.33202206186933836, 3.5620412134010166, 3.3228190093013836, 1.0260253097089844, 12.020347245954554, 13.419916025128941, 1.0162304636743329, 1.8413035837403413, 0.74002294451940998, 0.20184120781794945, 1.8828576883491905, 0.64715023573614872, 1.9289406313453696, 2.7425940169153478, 1.5491040012764188, 4.8609839292118977, 2.2438848774008306, 2.9112309598278898, 3.8102985293646725, 2.6132486289146755, 0.22256723901091391, 1.784431261093232, 3.8149881156263064, 5.3464338418170883, 1.7400350744335356, 1.1602112256081227, 1.1772637038851599, 0.43013663763625232, 5.1913573724108346, 3.4206382078517947, 1.4630844841216799, 2.3221204813737586, 4.2490380533679968, 5.0033901040271189, 3.2267641561552693, 4.4062471373298138, 1.108596228665391, 1.7741558561095587, 3.4138172537336118, 1.7731843669992031, 1.4506394066261237, 0.04633810632424229, 1.6650892197391158

10
0
8.4213001433647037, 9.5599116996593807, 2.7220335832570299, 0.92793748342057825, 1.5300009912884889, 4.6815337110053292, 5.0441382635603986, 2.2491871370576746, 3.9249433848337674, 7.0745413853951788, 2.2668852641615445, 0.97636449775333745, 1.3026223193606938, 1.903034161595599, 1.249216587668144, 0.07812293731956288, 0.13124722080340234, 2.0479043683654936, 0.95668350609057029, 0.21489569004978648, 0.6873912182753088, 0.63870540352576199, 12.690931444834348, 1.4183819367590047, 3.260926184297972, 3.4168389351312385, 1.2559528177777679, 1.3784289694389713, 0.085409056206742662, 0.97623300788637835, 0.3711011742792607, 0.41535062631396613, 0.49070248870989985, 0.51958416124014661, 2.1288137618893757, 0.33044565847831109, 0.56374601240730726, 2.0968285973364971, 1.2675588779782743, 10.574910059342983, 1.6379754296630722, 5.7725693870582688, 1.3717239573487632, 1.1424418937365886, 1.2907211063163686, 1.0377735332388056, 1.805975466038916, 2.7610045280733857, 5.154092909852352, 2.7026224175251059, 0.55602523328843745, 1.7574227093456329, 3.1650192004609892, 4.3913497076958095, 5.0836024982766617, 3.8664815548656293, 1.312260673451533, 0.45670309488241401, 0.67072241591674242, 1.1310230412310887, 0.013358313660432941, 2.0821255995682009, 0.1946476501940424, 1.4060941752828171, 0.1089656210638168, 2.2247857452554172, 4.4497100978431376, 2.2966281477017105, 2.3885184456979687, 1.8187288358739124, 0.90481150442838043, 1.4875345783358966, 0.042025319918479909, 0.50799209787129485, 1.2756183049278889, 0.37794782024724327, 0.38040430054752505, 0.11402906805273005, 1.571279875331129, 0.36651993581006082, 1.620453971115694, 5.010372202917722, 6.0445544202257224, 10.280828182256244, 11.00221096397587, 2.0991728594465258, 2.8143816552990302, 4.741592761304446, 7.9272680917540015, 9.2044703366105978, 3.7819309158448959, 2.8524089253172633, 0.28706042837342238, 3.348202956782302, 0.76643450000756275, 1.1966505158148379, 0.058131389129073341, 5.0436721308436745, 0.6096199007317864, 0.0072591297742974348, 0.71771578873318731, 1.9592775677782583, 0.0086289628413283026, 1.0248612156362356, 0.2070953406421836, 0.6967921697855104, 0.023183757691640494, 1.1288365827779216, 2.080817012186742, 0.067330952258942034, 0.43573859395428371, 1.274247164138842, 1.144783237114666, 0.2021293576442531, 0.47052409107368476, 3.9458726736521612, 0.56001931507125846, 1.441256768981475, 0.66206434551594384

20
0
4.5284610423304343, 4.0669097153123346, 3.823271463750018, 0.48611906314431508, 0.90066047099190882, 1.3923130569993134, 3.4551311492957097, 0.29073398154392294, 1.5370192160449676, 1.5164925580677959, 0.90132256114100073, 0.36214610050026863, 0.2280807055937828, 1.0819046234421137, 0.97244444432476485, 2.6957202458444272, 0.11766632595754345, 0.39112630411983673, 0.50092486776736678, 1.4492665709718722, 0.3986200232592978, 1.3485546471256384, 2.1946525322902062, 1.0172982458140609, 0.88580931342357871, 0.022940808006580937, 0.66624386571697869, 0.094726914175851107, 14.013431607225755, 6.9876092598438504, 0.84561046394361483, 0.77362069023274671, 1.4752677714527067, 3.4577584440906435, 2.2811142898666503, 12.174802740790824, 10.846731717958392, 3.2086869097879571, 4.5707567506231044, 1.7641383241124231, 3.0414055339300035, 2.379970958484364, 5.1455723435923915, 0.58638722201476412, 5.6456138212953419, 4.7381981740650758, 3.3398415015414002, 4.1929334534352165, 7.6848749968730772, 3.0767673794393886, 0.32259780803144622, 0.99159552285186692, 1.258547029636361, 0.21298405837433165, 2.7440802627943413, 1.117594233693012, 0.0021563200327818777, 1.7513894956651939, 1.5279951221449437, 1.4371265282748027, 0.63259504789675702, 1.0689351920947274, 0.71203479300993422, 0.28456456863318635, 5.8225787319979645, 8.6086326732271914, 1.5517099594422348, 2.5682733507910029, 0.33215207053729046, 7.5785211448456948, 1.3121327120595652, 0.87273169294303443, 1.5071261779838778, 2.8038606209637464, 9.7759340908304466, 15.026133331050119, 20.25656912571003, 11.030154023553564, 11.57583925994561, 8.6373672978723448, 1.6615973442192171, 0.84523927504244512, 1.7127261482452809, 0.76500316258514545, 2.8111347493129983, 1.6238566037491182, 1.3980719864001401, 1.2197250717624684, 0.24699130212658815, 1.3950405335840799, 0.31970696958845224, 3.0434206033387454, 2.6360281195684649, 3.2395068044294248, 3.332662922292343, 1.0909437109068563, 0.94150246957681816, 0.0072896973360343509, 2.6109906278755091, 1.0084173611734286, 0.076722885833106602, 2.9446522135800706, 1.9492094558671624, 0.55873183410741944, 0.75630394830224645, 1.3684107945966275, 1.4536993665709019, 2.1116455759538439, 4.8120219036044318, 1.0679741190268999, 2.679567356220133, 0.84356035551141417, 2.5447207514411616, 1.9451337016965908, 1.8549246046304688, 0.50102103853797075, 1.6855208902409231, 3.5164991532291481, 3.8636275493948347

34
0
8.787834397222241, 3.2517140780352065, 1.827763458516614, 0.5403740757665787, 0.037118183466191113, 1.1002160707405721, 0.78761665335474618, 1.1120607558377458, 0.77040636776072802, 0.1945121908848364, 4.8457148321723764, 2.0485719929773722, 0.30580366549762061, 1.1922819435216638, 0.63368214063225992, 0.35450367704652308, 10.520971508570426, 2.6480679604375439, 0.67917274483855294, 0.042735362658078202, 0.057058804142059216, 4.2941737502880812, 0.61066602332516595, 4.3089804824573434, 4.5245761292716509, 4.0023740382242181, 0.83882731047572179, 0.098456755236668414, 0.1552711602652721, 1.4524130149404186, 1.6186851602230945, 0.49535068391804771, 0.88903402314258528, 2.0269797819577775, 2.6930633327845044, 0.87260141154303028, 0.80380037903290713, 2.3965882106417098, 1.4374409824457075, 11.736532272637021, 0.30406408573043109, 1.3627229261005596, 0.50859640383885107, 0.84724348776160241, 2.6514907274258803, 0.59306722392716438, 1.0160151836114437, 1.5458219253833931, 1.1753082056129642, 0.36520448570865938, 3.9752045011888981, 4.7787721846408431, 1.1317148057489135, 1.2110965021067841, 2.0057267326151305, 2.1622542705509886, 2.5918413033700745, 2.1796730004925848, 2.5424576499868863, 0.014567162887715313, 2.1318892841326829, 1.4185460261103344, 7.372783175279892, 0.088524501337360562, 1.0527194493380421, 2.0264069382535581, 1.5717223257542514, 0.41293367799630687, 1.8350226048169702, 0.075363452573924405, 1.3157808487259217, 1.7343107362490855, 1.1190511918026118, 0.10187215297639796, 0.71512375349880131, 1.5274359794475458, 0.85112959937566757, 0.27644700318631976, 0.6008714549137153, 0.25788736384606636, 1.7502393343211793, 1.0817959066811227, 0.07732884927258965, 1.5923830416952001, 7.0439785617534767, 7.7314006636590875, 0.024213139817049978, 0.22695579609143124, 0.70678373956013729, 0.34613586604689317, 0.4336979183068479, 0.63346052829723476, 1.6557718289013792, 2.4465917127610624, 2.508128755205064, 2.6213830696335663, 0.56204715214965972, 3.0888622791491116, 7.3802620491519519, 7.8350301686656394, 4.0902868825927499, 5.1006989373890974, 4.2199769237578266, 6.1209046581209918, 0.98300719164240036, 3.3858223600201427, 2.7697323432167877, 1.791719753313032, 0.62019741385336147, 0.58079582511072658, 4.3002426917570347, 0.86336347420092352, 0.62468939362918263, 2.1402036489680256, 2.5130659028754678, 1.5392109465731778, 1.9847243983261933, 2.4192166069542225, 5.3030015708201006

