participant number: 0

10
0
[8.7643009061272323, 2.3722711903760967, 1.4214133744112303, 3.0080694498267349, 1.6999224387368486, 2.5319886838239256, 1.7108470439088137, 0.26795219449894603, 2.4713017337434735, 1.5643686109819726, 0.55197652702787536, 0.1816801998269284, 2.2596343177656308, 1.169097040828774, 7.0882432160613007, 1.2678074232137533, 0.80681507627264182, 1.0247397566486143, 1.5490058022601261, 0.87913336597495118, 0.52019428712674198, 1.9995156684795461, 1.3436083670733865, 1.4784313108173706, 0.85068163990308676, 1.5405363510034817, 0.37306881900013877, 0.66271374640484737, 2.6125410801264479, 1.0692044962130467, 1.2688121547242304, 1.9167303303416929, 1.8485311153743282, 1.5209514670842736, 2.2374879254293205, 3.7446234091868291, 0.50842401099237122, 0.36940554236144862, 5.1441459017655689, 0.11677706793290099, 0.99984874970442661, 1.207166060605573, 0.40344149382809746, 3.853324948461875, 0.28311714895983187, 0.82611958236986993, 0.87515947616168432, 2.9751069929715754, 0.52015873163782089, 1.6411999026927901, 0.4849010948643695, 2.3434365722638404, 7.7120548455540927, 0.19311371283703238, 1.650809304467316, 2.1858328926153945, 1.3131220756206403, 0.5361744878135255, 0.67521035307424881, 2.0284762857973533, 0.83260471389121449, 0.74020392326957563, 0.75451486178150162, 0.06480157850978685, 0.79478468464162688, 1.3094530657974133, 0.89806990536993681, 0.85041781805080063, 0.31993654539957106, 1.0309949854005254, 0.96585820707832681, 0.078013339361973522, 1.4171470119927108, 0.20181978085435048, 0.41194891299653591, 172.7077119702243, 1.4252402669399089, 0.12769036824124669, 0.64229556917143782, 3.2446848537359756, 1.6090560535376426, 0.1793347491512236, 1.5234434516224269, 3.0393668234797815, 1.6777952610125908, 2.5620636135627137, 0.49557154219485255, 0.58823187840948776, 0.21501613005204945, 0.62519578323372116, 0.45330466205490438, 0.25424155526033587, 1.0397277058261238, 1.3453230176597799, 1.0120268178936556, 0.085158105120427763, 1.9774175649961307, 3.3762385664547594, 2.6349716519700621, 0.18787516249588521, 2.5215587703816027, 0.23848505733531056, 1.1884240326790803, 0.67919900482058893, 0.25759145264078143]

10
2
[7.9515610538018109, 0.8080188606890033, 1.6328862788522542, 1.8815962508830921, 2.799186263667707, 1.7384824373392291, 1.389665693448535, 0.31102975859556636, 0.042000498375330153, 0.2156457122277402, 1.6073682283469566, 1.148162945817603, 0.82030846799455048, 0.84364442000685358, 1.0788955990120712, 0.49720455968122224, 3.8605729416801751, 0.59404774047891351, 1.6829172558894356, 1.0662086717268267, 1.1781034579811944, 1.9455875276988763, 1.7481090207286343, 0.067984633969899733, 3.2859351234882297, 0.27191621533813759, 4.4154366944920298, 0.57851408365752377, 0.41149391366769805, 2.8933472393765669, 171.12003078137388, 8.9153857793892257, 3.9570147149345303, 9.9590528596907575, 4.0105913739447487, 177.28062899443154, 3.5143137356865282, 3.2337993878929296, 1.8400582768131244, 0.98479122309282729, 1.3441882875249007, 3.0035835711541949, 1.7165465709350656, 1.945954918206894, 1.211514789022317, 0.97032684435367855, 3.5795171996225577, 1.2326919629069835, 1.4916193428259987, 1.7874669760686004, 0.49293284954583783, 0.9824460252358449, 2.0396986281715499, 0.46781369020857255, 0.10292117971295056, 1.5513635031460922, 6.4752247365664175, 1.7884583066785638, 1.1629721248344538, 0.69618532597823446, 0.40597886938209626, 1.8671301729969798, 0.7390426103394816, 3.0938839876107522, 2.3203795319525682, 2.5453190875373082, 0.57946680401653339, 0.75410645328742021, 1.6342517587029306, 2.0122891791210691, 1.5405420795889313, 1.7295523235897576, 2.6302712863192141, 0.064813363484120146, 3.1850227931312247, 0.62718236008049644, 1.007800453621428, 1.0297389870607958, 0.84716664244729145, 0.12115848689069253, 0.567582067519254, 0.072971292173917846, 1.3135272881652327, 0.58864069296947719, 1.6998191249110164, 1.5051642854253373, 2.8340273112314662, 1.1866561726972691, 2.4514949559520574, 0.46385384753648395, 0.72441695465857947, 0.56116454909448521, 1.2190093647157028, 0.89333952874613942, 1.3761124054612992, 1.0297640897123017, 6.0786334542829081, 5.4539811785817562, 16.49798015493343, 25.549760027377204, 18.95497797981659, 1.2618710170266922, 2.9078855852771426, 1.596607588722236, 2.443358475951527, 9.1178392914169422, 3.6466200376207212, 5.9931257634377175, 3.1919095820973666, 25.564860442263011, 30.242129791077218, 16.1652730177438, 36.013344040658524, 55.307506061805952, 40.066788293347884, 50.366531860051452, 94.354223677845425, 109.81301642311234, 75.016653512132166]

34
2
[3.3704400235276353, 1.62697319068468, 1.541584853975678, 3.1848603832719391, 0.55554858858917555, 2.8098024131730597, 2.5464367738820215, 0.90066689445424686, 0.62764752938912238, 0.26567401392213696, 2.1221952388090699, 3.2327891594944163, 6.6509995900629235, 23.348747582566659, 22.805695177557993, 10.04230469980854, 2.716035334002413, 2.0459123775495414, 4.2689262223408377, 0.0089069430245558578, 0.15196459583012256, 0.80308598600458936, 3.3972529595725405, 1.2038164777494558, 0.22842896715809502, 1.157077379805969, 2.0921033387055559, 0.016811305498777074, 0.096799140801067551, 2.2343425149196889, 3.3617281305554059, 0.79308820977342975, 1.3508016693119203, 2.9059190131767423, 1.5503771442396044, 15.769321981515645, 19.117991508289492, 6.0929474344314372, 3.4558313031769785, 3.3979782840730763, 1.6113636912166953, 1.9466901934691805, 1.1347193302446499, 1.9499630334887001, 2.3604382986993073, 1.9743015433201663, 0.34935553402965525, 0.034056872873406974, 0.68544681914471539, 0.26035035258274775, 7.9850573492726085, 147.39782048936701, 11.559964953429983, 0.16592339695239389, 0.31611747961358105, 1.181112912490164, 5.7718950417480528, 3.3386991657251883, 0.63594208491252857, 0.88626578531966516, 0.69770115755318329, 1.4622415416626495, 5.452889150712565, 15.916452026433603, 12.478638991986202, 10.219991433860741, 11.664684742945781, 9.9709001520863012, 47.66458000427815, 50.576645863482554, 63.264779664158254, 78.530144536414639, 76.498243129831764, 24.291854422204779, 11.612081931956084, 34.715589139417034, 29.19250755796179, 31.74001079041534, 5.7303135874224154, 61.352767872193795, 89.495298548407334, 46.433969582418513, 40.005533620017218, 17.191829387312453, 43.808435373625116, 89.165110867684632, 92.557108669578724, 35.555014654868614, 27.443265853793378, 14.134170516537438, 56.653220277747721, 65.051977542557154, 52.168234689000826, 48.208722673847433, 44.262175540629642, 14.673492948150255, 6.0458285920687445, 9.4640783035726486, 4.2840760151172219, 3.2948176027486511, 1.0106850229547035, 0.50381376591519711, 3.62235613341511, 2.0802388012165807, 0.15620004584008029, 1.7597248901324747, 0.94558332640724529, 1.8244460459656011, 2.0640675418094361, 1.0130493190205243, 0.31683322853797335, 0.19794899984572112, 0.77898186518012835, 1.8304115746431648, 0.83657832377207342, 3.6168150198980129, 1.2654998310701444]

20
2
[6.73508151908851, 3.5296590048757253, 0.19900201943949014, 0.93642731987233674, 1.1406502257295017, 1.3023831751477815, 0.99415885744002708, 1.0804637455043178, 2.0470612809985482, 1.8360660111250695, 0.30662383694846085, 0.23765193477285607, 1.3767306111160167, 0.012483743762714994, 1.2638147930854871, 3.0152443293710576, 0.075086659628993857, 0.39901198335263643, 0.33784221366886413, 1.2002192131124048, 2.9016555586291872, 0.37773537791125023, 0.21316883504360362, 0.21402274363578044, 2.1354059475753786, 0.1288848152228752, 0.39087297292329026, 1.0753749191252098, 2.2754891628625842, 5.9278104471160304, 0.3281238556739936, 0.55823739596041833, 2.4737684237131248, 0.96831801743678625, 0.67998661274987171, 0.28177886285345721, 2.6000512550996291, 7.3540498512479076, 14.978929898012893, 17.055147136905816, 12.379429787208608, 8.0026479064958949, 4.3384594120377642, 1.0202091459829603, 13.0389463722031, 4.7423386592514021, 15.317693190307466, 8.5231788968031879, 20.345670879213287, 1.4992476429794692, 7.0830673823495545, 13.647636080913117, 32.894369617369193, 35.446266561290713, 0.76821563948408311, 14.987461413542803, 20.601722184336381, 9.7482461575463049, 14.717709708129917, 14.486846181140209, 10.058611109223875, 2.0319633075444017, 1.2108067846492077, 2.2674937010277745, 1.9526826956853256, 3.1225372621557881, 4.1985900409913484, 0.5915244245013298, 0.62688009776249487, 3.1214638243699255, 0.52692214519728964, 1.6508053670458764, 1.8958738881423756, 0.48464967582299323, 0.62103617072355632, 1.4718982068606863, 1.003699296129497, 0.68607911538592248, 0.085236251975146615, 0.42224826937228954, 0.61884487386635101, 0.80250488021852107, 0.16924874588801231, 1.2353659445646485, 0.66133065500082466, 0.032376488064755904, 3.0284748026143404, 5.0756075986656697, 7.8693900448804186, 0.56220795673618795, 0.14115045171746488, 0.4647049537957173, 2.5926515153083756, 0.24322456434080664, 0.19259883638886777, 0.13130367188801984, 0.80334430941036317, 0.4611659251185074, 0.42135507788771065, 0.40578001606814951, 0.77323344810542949, 1.8001267204670057, 0.50384727060401246, 0.20504769218661067, 1.4875792240332544, 5.5160388564353298, 0.68605522968198329, 2.4976692805859102, 1.5319319428372751, 2.7890255257187846, 1.840711055540794, 0.33992339219378209, 0.30243378639175944, 0.15182438847256208, 2.0430315168778748, 2.559942576250819, 1.3572882951228848]

20
0
[7.1390666376188676, 3.2313758968282116, 0.99874246458747962, 3.7944527863707549, 0.36105857042326761, 1.4229370419647296, 2.6012727341245352, 3.768318870542231, 2.7730270083314963, 1.4576339960336782, 13.917261836569651, 7.5778877613840905, 4.0989858031590529, 2.3549235776881687, 1.6780306965736713, 2.382538089598313, 0.83669954907642818, 1.7060906592168976, 0.52073809423239936, 1.5598314773887125, 1.3359990722060502, 0.47009078830245699, 0.096308534619140573, 0.055359424566745474, 4.3604058433284081, 0.1382239320997769, 1.9683583145863395, 3.0896513945432957, 0.86669319881514184, 0.50869834927488, 0.31886372578833289, 0.22504645332537621, 0.58866796278897482, 4.8491411810928184, 3.2487791849817427, 0.013835261382041608, 1.4461457773317647, 0.28700732466973022, 1.3881110319908885, 1.2480541463805821, 0.6836342140362035, 0.55486768734073166, 1.1484286913460267, 3.7886278222261183, 0.98620388015135063, 0.77308202858415598, 1.7700700366924593, 0.24076266668026847, 0.34169373714451012, 1.4155064750196686, 1.42147442663628, 0.99424585538534416, 0.206216259495136, 0.27130822207004712, 1.1095999509820729, 0.13203004012768815, 0.85788805035139148, 2.2157882502885116, 5.9762340352821752, 4.3573645670983012, 4.3929731695752139, 1.782937483519504, 0.4011096553790594, 0.51958433717601338, 0.36790316114945654, 0.46728922743307066, 0.58448685693207381, 2.5819891622473392, 0.67650918859209241, 0.40562852302889496, 0.71163023368859513, 0.43353638569811892, 0.50446970552582115, 3.7466206060263403, 1.314639383104236, 0.86593334475151096, 2.6478208411297715, 1.7546106586630685, 1.6748365578417861, 1.6015151118313042, 0.37017803169794661, 0.51751042752130161, 0.59541737205790923, 9.8674438763213175, 0.74414486168859639, 0.24807523082108673, 0.084849361874375973, 0.88889545220706623, 1.969800627141467, 3.1701458026348632, 0.43286234275171864, 1.8193927815353277, 1.529513063661966, 2.4296572385889021, 0.99062461317470252, 0.13180763689348396, 2.6844079696246581, 1.1548695431609985, 1.2368090640741798, 178.16000790902086, 1.049925154974801, 7.4628780958472021, 176.99849313865911, 1.9966076691097214, 0.2676072458514227, 1.8162299604247778, 2.8608921062599961, 0.42202982987970472, 1.1201217733776048, 1.7861536737592019, 0.33111593965270458, 0.03291134914934446, 2.3682612406626617, 6.7040771510515924, 1.6299707122382188, 0.0200892006758977, 2.5947140401981414]

10
1
[2.9957465984701912, 6.4267733011816688, 3.2626220750250923, 0.73488532728416089, 0.11808662902106448, 0.095656386787425163, 3.0947944016177757, 0.62318447451607994, 1.7191639755259303, 2.0084043599257484, 1.6335707759719185, 7.9799515056331529, 20.91313982860936, 13.956180335924785, 8.1190917822780762, 1.5840224061841468, 0.27173407149732043, 1.4235623821610375, 0.47180063246318582, 4.5190108859593749, 3.08719818549622, 0.57388202416552758, 6.0522873701742697, 2.8484871872434496, 2.0160532298846476, 0.6290872476216407, 0.49787258741758933, 1.0071693787306799, 2.2286210304559688, 0.49195688608244836, 1.0855183423956873, 1.6304328727871393, 3.1333637280850439, 1.1491956966093539, 1.6726838784676374, 0.22051285889236283, 1.8860238357218009, 0.21081724944463076, 4.2611962291139207, 0.60822765525813338, 2.1653830575099846, 0.83166487895664432, 0.13114572806276215, 1.2325930895569002, 1.6236540357098193, 1.0232531939716978, 4.0664998698341606, 1.7859548064653836, 1.300046971602427, 2.9060785627216319, 1.9241314569314909, 3.6759153930894399, 4.5391120442534998, 6.4513708973656776, 1.4945529607552999, 1.7711941425259852, 0.065094011588598732, 1.5947814762063217, 0.083370605222398808, 1.5923484460104476, 3.1254561024466909, 0.1257695854233134, 2.3155932021901435, 3.9335742753432044, 3.1970233287204337, 2.9511554591196898, 2.8596355742005812, 6.4552880896583815, 1.2679950250413867, 11.567966066797624, 0.12595848690170897, 0.79061370069950954, 0.68827194043220175, 2.1912283522309224, 3.6047199805226171, 1.3568137698734404, 0.76852209995686849, 17.458845803162092, 11.454772747959197, 3.3991560957358615, 7.4786656518707275, 3.1203957916666241, 0.2422974502887314, 2.570720429119973, 2.4990935126815543, 0.48905744608160262, 0.022825739497022823, 3.1772465687226941, 6.8188892403570662, 2.9643779261724603, 1.4440393072362667, 0.86333149516246976, 0.23977071972473141, 3.748721929035753, 4.4153084593869494, 8.7955510326976878, 0.11031876345066394, 3.1969836220783918, 4.8304989976298884, 0.42860020357420581, 4.8936837900009209, 4.7125779544827537, 2.1262181837103071, 6.0306832021260561, 7.2650973218325703, 6.8416995724335834, 1.1036770309754047, 0.99085852732559943, 0.36433086633658718, 0.86152090103450973, 0.64128132111383707, 2.0290981103218826, 1.8094038663438425, 1.0369711424710317, 1.2577923297269535, 0.56843854057555632, 2.4906889838554491]

34
0
[7.0096475675363763, 2.7384604016614276, 0.70092700278189568, 1.4076332211994895, 2.4326060082208301, 0.54876260328376247, 0.93022265568700391, 1.1768920751898975, 0.24284181392872028, 0.93666846846303997, 0.23208242024196579, 1.0384276927858593, 1.6312671761626234, 0.86585492592118385, 1.2548976829132243, 1.5297800811240734, 3.8062506365165518, 0.39024539513656009, 0.91307784449935525, 0.12169586212405648, 0.45701635282983943, 0.72246211031654184, 3.5624755267825776, 0.38470097759585542, 2.2027496309116259, 1.7743694477199483, 0.30084055620750405, 2.5307545190861447, 1.8455199709533758, 1.2554846144326461, 0.6342512734555612, 0.36348778908563872, 0.90287725654968654, 0.55463827713970204, 0.35837691168785568, 0.08136243056907233, 0.7948992682652829, 1.0463349235891428, 1.8430419409608589, 1.0688624897706518, 0.40256006338825046, 0.077269584822374782, 3.2568415823558325, 0.49690763493617851, 0.3764606841763225, 0.30764757629225414, 0.56220174975305781, 0.85623560431105261, 0.94489515319128259, 3.0927452984842319, 2.272893655922644, 1.247801674882993, 0.52336438854547396, 13.886098709289485, 1.4500019434628655, 0.93613188611726628, 0.91766029916800562, 2.8158284668492115, 0.85105862556991951, 0.069417013024860807, 0.061219339900731029, 0.33347592165591777, 0.87085070091211492, 2.4946409663106692, 0.54730630593553542, 0.44495463948328506, 0.15528591222243904, 0.51323410214183696, 0.26998069582919015, 0.027150827781724729, 0.15973357654320353, 0.33008623325616782, 0.1598455160587946, 0.23364678353138402, 1.4251663916288067, 3.4599090623407278, 0.5486877981869327, 1.7237232733239694, 0.8529252123292963, 0.45124254327356539, 3.6470194366862074, 1.4964073806087868, 2.601290698094715, 0.65071081578241774, 1.497354317616697, 1.8371730208335464, 0.73347562797596311, 2.1982026555398875, 0.53246003623803517, 2.5968542187321191, 0.35670204666109839, 1.5015757323739081, 0.17925479443050563, 6.5444188624915114, 2.8818885703298633, 3.4960415461886214, 2.7192145235362659, 0.59651819818378726, 0.8237590252889504, 0.97344152862206101, 0.8153502139322768, 1.2850085105220614, 0.97290748620406475, 0.55237879415545876, 2.8761659816320275, 0.36026611552608756, 0.51893536745876645, 1.3496490098831941, 0.23421759782246454, 1.3310601937370734, 0.44925627808237323, 0.22066597933377352, 1.5151800980258372, 5.3346582294065001, 1.2694584053734843, 1.0867627098878074, 1.828203075759518, 2.4812004166302017, 3.4629110439975648]

34
2
[9.1085441155861986, 2.427459686525026, 0.89534370511051975, 2.2281058638635329, 2.1486891911300745, 0.29681671887522043, 1.9456739415117568, 1.1004987011443177, 0.1808794567921268, 0.31163161556176533, 2.1453794275480789, 2.3064293359138333, 0.096468195629881848, 1.8151564569019456, 3.1830623503250308, 4.077356720487046, 0.45394968780971112, 2.394572388443919, 1.2254258635041424, 1.719575614689461, 0.54471065362673698, 1.4150444779156715, 0.5741147550947403, 0.25464586870788253, 0.24697978175481694, 1.2253404782728694, 2.1487234829540967, 3.2668882857139465, 1.0932887761686061, 13.507043443165401, 148.30719506560808, 149.73297866469926, 4.1587267809288733, 0.14497064574328533, 1.3626720871760085, 2.7293051757071112, 3.5098761913683347, 1.1242817864596191, 0.15446987887327168, 3.3458549372302286, 9.5621327531539464, 1.2222322683689413, 2.589217308461059, 1.3336477063497796, 0.0097039818838311476, 1.8320198151686782, 3.9880547403908508, 1.2559568792879645, 1.2994775368327964, 0.47363389237091269, 3.3807070551627589, 2.4874193380581744, 1.7386730895151459, 0.37733747919105554, 1.831242231884687, 1.9547925851614423, 9.4885607006018517, 2.1822682677537273, 2.4793296519347052, 0.46168008814120753, 0.2956693878805936, 3.1306468570011816, 4.6243913898679239, 2.5991358905740753, 0.14263596642649645, 1.9357459868032265, 1.0721642921787975, 0.0072714525041988054, 0.23581987413416527, 0.62642146690490108, 0.84522211292568272, 1.2135004262103166, 1.7554634739208268, 0.88197703096739133, 1.3564509611350104, 1.8357945650598708, 0.41411461528264226, 1.5036768146183022, 179.66484664587375, 1.6081608836274199, 0.63947807897642406, 0.76901352660593147, 1.3354227218290475, 0.1442612578233593, 0.73710895189594794, 0.97556963530837493, 0.16917644856755487, 0.15692821405292534, 1.212166632753906, 0.32740943835858616, 0.032439392747392048, 0.3241131754624007, 0.10691109962203882, 0.34358917689115742, 0.7467766148672581, 0.18303586712454489, 2.1428203236785635, 2.3936496213134149, 3.0334334627495991, 1.6503084028534261, 0.21622452062408115, 1.1117451130867835, 2.1182296513686651, 1.0459466289955515, 5.3023102809287934, 1.0161976731510549, 3.495442282526426, 0.57132118822067923, 3.0788643315684681, 0.69338797943055397, 1.4461996882548647, 2.4646610333760748, 3.4711620503025529, 2.2783548726146705, 3.5424647084857952, 0.37559356417591516, 2.091727556500615]

10
1
[7.8266084717928379, 6.7890025057766934, 1.2128542316709456, 0.26284877507819715, 0.4465592307933548, 0.21336805442174978, 0.47465095565007687, 2.9706749399544492, 2.0360351171783293, 0.66605346603716953, 1.9416441729512428, 0.75291830527055481, 3.1711979799145524, 1.0834560015122179, 0.47305687084264036, 0.1277771576807254, 0.75249959727858595, 0.53780404676217586, 0.58410171560171875, 0.35687988569043227, 0.068797016513144627, 1.293888871247816, 1.1386928296394672, 2.3702960854448065, 1.6421555911288692, 0.80722882051486522, 0.52715468562621481, 178.77326056597315, 5.1861152075650807, 6.3332227640012206, 3.7267393935112523, 1.8243207620399744, 3.5294072476381189, 2.8153206611001451, 0.69706176757091498, 0.82563065807948988, 1.117748286675635, 1.2590357521303304, 0.48588388166399454, 1.5854406523277476, 1.0441988641263151, 1.0068108796635897, 1.1450173333732323, 0.19992808362979986, 1.8927294785693221, 2.8108712040507271, 4.0353615485354908, 2.6612482543479814, 1.6823991385122099, 0.22298373272906247, 1.4998753971847236, 1.3595610376865466, 0.9941414237130175, 0.33065766272648034, 5.5573894093804483, 3.9335927041058767, 2.9061464631733429, 1.219926011179723, 3.1623896199799901, 15.979289391354939, 42.081172382700515, 48.163801660823992, 62.238223777546182, 76.888576130838175, 60.119712901435008, 45.15299979043354, 49.98035327448423, 74.334576034497729, 84.614976181756333, 49.043465439946488, 48.956636333182672, 12.143902806359819, 6.2802420488417283, 1.1390608303300667, 1.0304471210975521, 1.400471616804964, 1.6890522778382433, 0.74706653699382741, 2.0136995871050658, 2.0482096937446954, 0.84352368679370215, 2.1970064675429626, 3.4165085163176343, 0.58680525290819219, 4.0213518290367745, 8.2308402236891425, 3.3458454388367898, 24.073025533857475, 24.654111742984554, 13.15241539160229, 17.419992072271526, 11.586301455630206, 5.756278185489407, 1.7021465070769182, 0.82999090066988401, 1.2043805512080326, 0.31695574430966644, 1.9721074721512082, 1.0104521715231272, 0.64185489728367884, 0.94887139535796905, 2.0266371188512835, 0.52482584787051678, 0.7185284797240854, 1.4062399907733152, 0.034849855232437221, 3.7145424406218694, 1.9395571483596541, 4.3991499594673087, 2.5717387892204897, 0.26978412739316582, 0.66712373262419078, 0.70636577519212551, 8.6593508723397576, 6.7320478291974268, 1.4651248096974996, 12.974277601027211]

34
1
[5.792812382455395, 0.47777352304120768, 1.7489195850939439, 7.5486199742631186, 4.2187885870420132, 1.7064758247539658, 2.2305402849768257, 1.7941744009041258, 0.24712262114030636, 5.5935984786630968, 1.4616358597442627, 0.94410614864520426, 1.754141958313852, 1.1639920815476898, 1.3192857755536238, 0.9135889240082804, 0.56018078422039252, 0.72527583674349216, 0.2780021076690673, 2.9081648004605256, 0.09752039673438162, 0.50118658208489819, 0.59912504189594529, 1.0603023047552256, 0.65387540006747713, 2.0596722462583443, 1.7734344283207122, 1.0417457821537255, 0.56783560500437602, 0.25181412425115468, 1.5145195026847205, 1.3992963151845288, 1.1711197479748989, 0.44782115133784828, 1.0068296202235842, 1.3480357049201075, 0.2006352234442943, 1.9597933858813121, 1.5580660015421017, 3.5520578220566108, 3.101643201238744, 2.5517826473584364, 0.99408444122605033, 0.87854562358955945, 0.33109496739592714, 0.49393955904531595, 0.26023166475727066, 1.2904071339382313, 0.1404839862751146, 0.20008090379729992, 1.826059901606186, 1.3488723289373183, 0.85377415923704802, 0.7526079769203875, 2.2776587685195295, 4.4127477381665585, 2.3874365071088732, 1.2915372637562541, 1.63385958799023, 0.15714639419866216, 0.66698585087738138, 0.528919611210938, 0.68089184404470871, 2.0281293183018931, 4.9318664046259642, 6.8043575504554212, 12.26892938847277, 18.301526582310458, 14.575982480751321, 3.1094889923446658, 10.659922899413971, 16.361178566142485, 2.5393527495301669, 0.47948931355443847, 0.021081483815578395, 1.4309791630319921, 1.5559753623366532, 0.76604076618625072, 0.10910924705578395, 2.7451160611993259, 0.2823711656208161, 0.86019694835562177, 2.3992189534617125, 1.6110503275920962, 0.86341825536550232, 2.8823911283915322, 2.639431589591851, 0.31236781643519862, 3.5839089624489588, 0.82721358366219988, 0.31658180433092298, 0.29050248953058144, 1.6560968003573464, 1.1721440331616293, 2.8113832791152049, 0.29679668345994514, 2.3982733644643304, 1.8616365557264203, 0.023713546613919334, 0.48372888988620844, 1.4651484003880455, 0.51716097529515537, 1.8988369309940651, 1.0597640789245872, 1.4866145240308981, 1.7063573315838312, 0.085944593290037119, 0.25703759692729022, 0.38697404370927302, 4.6786739096344263, 1.0360249179637719, 0.35783660674462681, 0.74141324784329754, 0.91213900617185573, 2.8874610940434877, 0.33334655212749453, 0.62925101464080058]

34
2
[3.5668264834629611, 1.6676077305834838, 0.10425534650599388, 0.10641201098098918, 0.20453705110995202, 4.4176753775984707, 2.2326509173356612, 0.73677114271993105, 1.9108426849303441, 1.4435010990038677, 0.65873275485040494, 1.3515613456148685, 4.1674815772583429, 0.46089817802885591, 0.047386847416703404, 7.5900741725007492, 7.7783221938004772, 1.7311761877919025, 3.2465988139277897, 4.0751552920033873, 6.9646876630427528, 0.30112292547994457, 2.2482179988887765, 2.3816367382531212, 1.2068891408772515, 0.041203597790399726, 2.8047954216752942, 1.8402289033102761, 5.9100444379901091, 1.6384559714465468, 1.7243618914526451, 1.1908409677738518, 0.95292559046328051, 2.6844699477765062, 1.5769557924098763, 0.6460564248228593, 1.4009159313932855, 2.2696704186854504, 3.2627124063725432, 2.5802718260449637, 2.337350565860163, 1.8425793149975789, 1.5397983252319705, 4.4905158688007418, 1.7623568562411265, 2.6272597182726258, 1.20901154081713, 3.5637798035678543, 5.5048636780927609, 0.040071848616150874, 3.9407405349128339, 0.36868148820678925, 0.27131797728344509, 0.1334877223220019, 0.15987336334717384, 2.3483088255160851, 2.8308366853459574, 2.4298202947494474, 0.40416248715962411, 4.6408861417573917, 1.4625211203831441, 2.2001381890461289, 5.8556491232907319, 8.1025062061565336, 1.114310795634708, 2.6176640156517692, 2.1932312509825351, 0.46084238381064324, 0.18433579005886713, 0.84806217917378035, 1.0117974263897054, 2.4140631628791311, 0.97044201573828559, 2.7248512543587822, 2.188122377770469, 1.5190791558591741, 0.93399115421885881, 4.8051572015758666, 4.7981251036519552, 7.4671446070552747, 9.3071004935284236, 4.5078027477674141, 10.137202458032561, 11.771017923994918, 9.3089995685295435, 15.214648017003924, 164.31977014903799, 10.389546860307064, 3.1125167394214373, 1.397942029973251, 2.0558454840502804, 1.08736101601869, 4.4445401085727099, 3.7430200903006039, 3.4476214699506045, 9.9612878914382463, 18.025357847249893, 27.411521560859399, 40.311363475191627, 43.444762276416043, 12.088015011485197, 0.29603285041832805, 1.751527919783598, 0.61500293136276696, 1.6563336304831751, 0.90878882465142397, 0.28458770880439488, 0.54800020013789208, 0.79657811340348417, 0.15100172609294304, 1.3800898992831208, 0.43008123738690074, 3.0841384477291172, 0.11520558710969908, 1.8969331369308975, 0.26817140029572784, 0.49050413237358725, 0.92337947325358982, 1.6537146457106928]

20
0
[6.9407409981109822, 0.72349841110934676, 3.33012607032353, 1.772584018366075, 2.8729251683666064, 4.8896386114339805, 1.2932836308240496, 1.3121796206999079, 1.8895363607238664, 1.4878148156672921, 1.717275193537489, 0.21266998640203383, 0.55335202750404733, 0.094712477003781714, 0.85983684371728941, 3.2737208098650683, 2.4124839235556408, 1.33398955604099, 5.2276459367686527, 0.11065629996969051, 1.045692263275555, 0.54464537433233318, 1.0627909905022648, 1.6054593382312703, 3.4670509120698512, 1.5367940079635787, 0.97602263405360645, 1.6077265849482956, 0.066724582847939473, 1.1425317915145001, 0.9152443130511756, 2.1275188705345727, 2.9303479020925352, 0.57577035857184455, 0.62028521361673938, 2.1025270900586293, 3.1032335507471771, 0.77215552639495399, 1.9850004619278252, 0.12852804561617859, 3.2200164054459037, 2.0554110549883262, 2.7205668651205883, 0.66028032195345077, 0.92223941162066581, 0.96724470556935671, 1.7826053909177233, 2.2901534743394052, 1.0638492493307012, 2.606333889707372, 0.50026593815766773, 0.43647115954155424, 0.60989222454412584, 0.49798072959316642, 1.9575077752958236, 2.1583791917079793, 3.2473870247688978, 0.025628141179367958, 0.20843508811367428, 0.85860224207087299, 0.70603405423113941, 1.2107988268832059, 0.85400913812321733, 2.0442562904447072, 1.2009684774655511, 1.6028701357369926, 2.1248669122952037, 2.0339353312176058, 1.2526017543248713, 1.5094435715262478, 0.28446989231437669, 0.090109743971652279, 2.3481966682761026, 0.47573205990079259, 0.13844453556851022, 1.3862385998749005, 1.5863381822103406, 2.5089103710481027, 1.2924591527289806, 0.41667419875633982, 6.1588195228905249, 1.0897323071662868, 0.90022703363644041, 0.43658054559514881, 1.1370964500870286, 1.3752140107034165, 5.2952492951012573, 1.3242209429042475, 1.8817116763116815, 1.2379420163000248, 0.873441807828641, 0.62899553880606618, 1.9821613071607942, 0.23246111975277017, 2.454371214138348, 4.0597714904013174, 1.2047466628609982, 0.557497077375956, 3.9163383966765082, 1.6039424207263551, 0.014780034918544516, 0.16589181346904525, 1.6500228178488783, 1.2965659448755673, 2.5769675124794276, 0.28302157345160595, 0.15927924733563259, 0.43103127746712744, 2.9396630135827309, 1.6526158066808421, 1.1467155785671821, 1.8574675388073842, 0.25060100852215328, 0.22839828538656093, 1.5281769133030139, 4.2668250319745198, 0.79733752294657734, 0.07325411087839484, 0.20875220511885573]

20
2
[5.6068945681051332, 2.0805442748720679, 0.95384789184862484, 7.4179494320085269, 1.1310694064153495, 1.3467905471877373, 0.21098273301072368, 0.72948386531470533, 0.24148732536562534, 1.144184825761414, 1.3624573426360769, 4.1143592805522644, 1.1637203850632147, 1.5108808174007322, 1.9569206738853495, 0.21930558921599186, 3.900598014393438, 0.85792029483906163, 2.99047730174658, 1.3509684665581858, 1.6311456013678765, 0.32110933470428904, 1.6826870905849205, 0.49523660155230687, 1.2701431007627093, 1.0244601541812131, 2.6148626570181364, 0.57071722441429529, 1.6506651184482735, 4.8188665501833725, 21.529980983884712, 13.069169192857487, 10.994963404717225, 11.143547743885904, 9.6514724286285514, 16.979834222687089, 27.26608843802066, 9.6990220810648395, 7.6063644268788266, 7.7907485307006255, 36.324322501407437, 31.36653092544239, 5.5720498849531168, 20.591110874124354, 68.38002135078392, 48.174787516363011, 7.7554259379712676, 3.0274827342022945, 3.010031883852605, 9.2841929625352577, 0.29117358221139966, 0.23597425140883388, 0.19267357682696229, 0.24312901624674055, 1.8720155570820225, 17.274202241061488, 30.221835650361726, 35.00283281713314, 12.128651187628975, 5.1650494558938931, 0.46127886014801334, 0.35785714399634116, 0.88322720184447689, 1.5675275819038461, 0.67589325541359813, 0.75501551436423142, 0.24721595953656106, 1.9826812534125793, 0.51978036289062857, 0.1542410022951799, 4.4638763283481921, 4.7612427935495134, 4.2277688097499322, 8.9355091460628273, 2.188102504464382, 0.49204481488408192, 0.82078495484313407, 11.496100596336817, 7.1938955996185996, 2.8485988511376945, 0.36327146498911134, 0.71417514391328041, 4.451024495279853, 1.0650334587375596, 0.5444442072594029, 0.59616585145022327, 0.52207865209567217, 1.7377925777050791, 1.022754900488394, 15.167581261449186, 33.308562142870187, 8.4942834289402072, 0.46407400136502019, 0.6216063796264848, 1.0358441102217455, 0.91820567238218587, 0.73671921933302542, 7.3296335063705556, 4.2040376309286103, 1.1831170874861527, 0.39234471970394225, 8.1551154684413234, 1.1429713095790817, 0.49323476111646869, 3.3673634080681722, 4.7585464748922277, 0.16988905670001486, 7.0354887978903093, 21.840922745200004, 43.838289282146178, 21.604661715684927, 14.676662768583213, 7.8635427027960532, 5.8021495829879086, 0.32150261671142744, 9.1670385821133777, 1.880761345058545, 2.3647002353397397, 1.9536454125146747]

20
1
[8.0030518946480242, 0.10385033985994596, 3.5128091295870547, 1.414801191859965, 2.2457537892442758, 1.1961005119025003, 3.9928192471003001, 0.86484988297348764, 3.9785115036711147, 1.8907648917391668, 0.54492218075600363, 0.62300045314790964, 4.3520122538289741, 1.3793337319112311, 0.02297352610020198, 1.2126194029779924, 0.24499744547637192, 0.74591430786341562, 1.6950642865075167, 1.3211430167981462, 1.472542909126588, 0.66214775429079964, 0.63854902250204759, 1.2019363885928271, 1.5481545376078429, 3.3787468621735002, 7.4428130626022266, 2.5908123360651985, 5.7793137270705301, 2.1618996102793631, 0.010560848500745124, 1.1968407984602152, 0.6448455775614832, 0.29631415675544304, 0.52731533716180934, 0.011836337602403546, 0.34590127780313651, 0.40775856045803494, 4.4668194944164838, 0.32599125480948032, 0.17447965874984561, 1.2283649314221918, 1.0658810740676188, 1.109821354089604, 0.40409897257393368, 0.15752859290176957, 0.26774133545666245, 0.6179979011535579, 0.055835991466778978, 2.2655440542777683, 2.1014743469545465, 1.3438489682818044, 0.92719518592110717, 0.091179123678386986, 0.082018452164561495, 0.3117218599664966, 0.25445444028309794, 0.067194642936442506, 2.9518079652535789, 0.96506900007551621, 1.5060516166387288, 0.59093220311098094, 0.75176014051783113, 0.0027705915064757392, 0.29647015587107717, 170.62383521477511, 1.5158075074738804, 0.22591798187318091, 1.0478171943265124, 0.11278793284196809, 1.5894976144492716, 0.37830705775724027, 0.82995945430235452, 1.3351103250618053, 0.1578032394861566, 0.89717427250820947, 4.0989401636228422, 1.0166750847055255, 0.59837658095318602, 1.1177780134904083, 0.14116474022904413, 1.3446056345813417, 1.129745760992364, 1.9159768774132431, 4.4409393330166722, 1.094817947098079, 2.32145907348729, 0.98729078023382044, 0.66157415581380974, 1.8600168612475159, 2.3077931382759971, 3.5844527343176082, 0.68652423677809793, 0.68246259414001997, 0.0098475603659267108, 1.9371349507682112, 0.80455140064435682, 0.47496975712215317, 0.036061237567423632, 0.076189005259038822, 3.4497065627267602, 4.995787185653171, 0.052240930061088875, 0.29540626314189922, 1.957704390568324, 0.64630595050130069, 1.4854804834835136, 1.4496725250318718, 0.70903158361164742, 4.2100763138748221, 0.25822463871861601, 0.99133097270788539, 0.75325687740286185, 0.41394040166494506, 0.18403526458394026, 0.29167606758267084, 1.1964952370527726]

10
1
[2.7175485955249883, 0.13685240664989351, 1.1282731724191137, 2.9909000620762072, 3.0569394467266591, 1.6962888354937604, 0.73539877928797637, 1.172151452215644, 0.12986901986022303, 0.22224388286318231, 1.7926400156688373, 2.5696488389513092, 0.16059294516963973, 8.3376294692693591, 19.781202501648494, 16.89902319049429, 3.2307421708048594, 3.8530029424131556, 2.2450449636829717, 1.3542455193008323, 0.21170306167653052, 1.6514795494240104, 2.4817599015363498, 12.127720438500205, 9.1005466977798335, 15.240643912403527, 7.7661226341049314, 2.0081472268313973, 0.53225071112626665, 1.3726268283525656, 2.4699641247136981, 2.4114720094424911, 1.5993893666465908, 0.76080414149365083, 1.4236667316500871, 0.25391487449587657, 1.5657823774499775, 1.3843459880453111, 0.052428863197633291, 1.6640574261766687, 0.052514812989670645, 0.54032923076988482, 0.40867980034374796, 2.4614929474109886, 0.67105279153031461, 0.79553420042509515, 0.12026047028211906, 0.24389104316662724, 2.0500857061700799, 2.2436689087210766, 0.041968413739482457, 2.6734350861823373, 0.83153103001654927, 0.97883646793809476, 1.005118758286585, 0.20395182166566883, 0.71854546737404235, 0.42948627968547726, 0.91936727389156658, 0.38922020965372894, 0.55149546673845862, 0.25366382229577766, 1.6522799943667508, 1.528922414358334, 6.2915963367116774, 2.6643945500062785, 1.4420518727234821, 0.010422396068776152, 0.099764845721722395, 1.1530299186125035, 0.3982453990882675, 3.1504485302907597, 3.8188463829155239, 6.2914412062709175, 0.029474254075182671, 2.982072585130453, 1.0158693039136324, 7.4591995775429609, 4.3433859718933547, 6.2158086484466253, 3.1746901148229085, 5.3781209878913501, 4.4963902233531599, 5.4995960705697939, 1.218700740806014, 1.2612728437653118, 3.4694357987854687, 1.6590086184310167, 3.3387824002043942, 1.9473693313810543, 2.1135546553248332, 10.876438856229925, 6.9309459755821763, 1.9715209128079323, 3.1080550794074213, 8.2697748795036148, 9.2031073351092232, 2.4070175236667808, 4.858970981455343, 8.0723282307625368, 6.1712383399717794, 3.8010781658244923, 2.0377203286300301, 2.7022749495775429, 1.5228610015320783, 9.9061981157219634, 4.5160659316792362, 1.270146277000606, 0.95261128397032735, 3.7178130970095822, 6.5039352677533202, 1.2349462992330018, 5.0899875494373532, 4.5233674780013757, 4.4865002528433706, 0.70697733175572353, 2.318711931968835]

20
2
[6.0521627076656159, 0.34773780683644873, 3.0679439044977528, 2.0789165703365313, 1.104979101894827, 0.9889359358031129, 1.1916458172148339, 0.56592336006070809, 0.30477530712119005, 5.0321039510991454, 2.1840693993671607, 3.046040224341084, 3.8995834442739579, 11.404991053814371, 1.1778935431688637, 8.5534791200532538, 7.461801051671074, 24.404566063927518, 32.002884086456504, 10.203282247994792, 12.268136608935549, 10.107387840250681, 8.173741851153693, 2.7111039801577874, 3.0915700196617593, 5.3654364264273795, 6.1367921039720272, 1.6541358825900829, 1.6380114873953175, 0.77673689018192249, 9.6115392328058533, 12.763373228345813, 2.0951109889012685, 2.8377078027190237, 4.0916256554879737, 3.8255931341678888, 1.4943831526992426, 3.9154908799301893, 7.1235153581257009, 20.211907199495954, 2.4333861702170339, 0.5590297374584452, 2.5415606267748672, 0.14293999097424148, 3.6596761391334667, 10.471470717026193, 6.9253946086502083, 12.64522969986055, 14.557374061101257, 13.33050527476567, 6.5071728939215063, 1.6187027623337826, 0.71789552943852186, 3.3737001351853451, 2.3421693128478864, 4.7579884618920687, 7.0870799456848204, 9.0512587439206413, 16.288959992150751, 7.9658442054652596, 4.7774258743905875, 14.569864894582452, 13.045493945145324, 6.4994632090620144, 6.6509191142906161, 6.1285964096095995, 4.0346045603371863, 3.336190353236816, 0.85194185624709462, 2.0508876161401304, 0.69264293163161028, 3.8387107907822156, 2.926355497463021, 1.6013276655467052, 1.0114994305337177, 1.6073234884677277, 3.4871749421773188, 1.9919319317509405, 1.245123917626529, 0.13708481242142057, 1.8689278560844116, 0.59270116620959357, 0.28838704895900946, 0.49297950758875686, 0.16260784212479962, 0.82149462918596328, 0.085638045243570105, 2.5680536809736338, 5.605884882850205, 12.608805162134445, 7.8149476542867546, 3.2110833370703062, 0.11448448919838938, 4.2989604702601696, 5.578632231394181, 2.1832194524945407, 2.6899427670584828, 3.5058199001752541, 0.37590114387967333, 1.295575869094705, 0.37784231679609093, 2.5142881707491824, 1.2232558291025839, 1.2817669561167691, 0.59066806918042403, 2.394352523275586, 0.35768277594866049, 2.3271327198622771, 2.7249345025668958, 2.7458550245077049, 0.50401345694621114, 2.2579027441665289, 1.0955706117128443, 0.86194549098058815, 0.58101108758933151, 0.89284216751980239, 2.3212554633204263, 2.0200252886626799, 0.17369307752289842]

10
2
[5.2378840925547934, 0.040821419438543671, 1.1288561411686828, 0.15470134029010296, 0.62735626771120678, 1.064542145284463, 0.34298115190821932, 1.5967051369397041, 0.64608815036598344, 0.37162503555219928, 0.39643702999089214, 1.4319892099564129, 4.4189037796944604, 5.5720456522346922, 2.2969913205976695, 0.58816778830978933, 1.3112839379665502, 0.35052322511208445, 2.5530941965411671, 0.6440254528192213, 0.76738492191520891, 1.1620201591137516, 3.2603220536873323, 6.6993161431013846, 11.826530973395961, 11.464862996718495, 4.8398550446498803, 1.4819549361127997, 7.6269144716853816, 23.581436180370758, 32.075147814462127, 44.619280227880722, 54.968213031565483, 67.940341147847107, 84.503598793245146, 108.87743128703806, 115.7622361370922, 95.720102574288035, 95.242890446308877, 92.706085467513617, 73.018439037295991, 63.899496637527932, 37.475887485026135, 37.508067543598656, 74.111338189522826, 72.84245750925993, 68.744312595554845, 70.743702264078593, 68.230270436902572, 75.113976663990968, 98.80154104348145, 120.40203909903227, 144.55890356233044, 13.289856807962451, 53.073752741262524, 99.257689639108321, 34.126130332509149, 15.416920815298909, 6.3648952704965609, 29.83255128066321, 1.5654210177332857, 16.968898139356327, 11.400695471419624, 9.2990220675380328, 24.927182025007426, 45.15536746718908, 29.139533512958678, 6.6044977375502754, 9.8441488157614003, 30.123341724788133, 63.879386782447142, 85.171358558765917, 94.42803174000295, 68.892976252260951, 39.768303568798132, 26.235634463610808, 10.493298819000842, 157.41381226275365, 130.88831082169082, 108.76327450828538, 75.452150723299383, 59.35440305049184, 45.40288979490856, 30.339498655211742, 13.167276178043267, 0.47771718339743074, 0.32279416310782949, 0.12581731226498505, 1.4685067224044417, 1.0793064522070495, 0.93399222122016567, 2.2236924147664467, 3.1145072568783405, 0.01502417229298203, 1.7131228795114453, 0.91484264848546104, 1.8777347969817129, 1.2497929280464177, 2.697406165204427, 3.2640538575459459, 2.5644119920309549, 1.2202321197646597, 2.5057067440057494, 5.3878298290816247, 2.7084584241791276, 8.4731305929827272, 13.240779619122407, 16.082575856564233, 14.863153937107199, 1.222592699419863, 6.4013341566441113, 14.628312336107172, 15.408285352195094, 9.0909327286682924, 5.808798562483048, 1.7208861767783219, 1.2578736239606769, 1.5859968736160965]

20
1
[4.4063085450001722, 6.8766572181480399, 4.0218241397477641, 7.5985640718513139, 4.7945988910465758, 2.8267586989899485, 0.62845024245856962, 3.0984094343483264, 8.835141021473504, 3.638211718515322, 0.66335094966200359, 2.5587966170010645, 0.89606078103605569, 1.2755607761000931, 2.8728085411013353, 0.6462189215586136, 0.32922415204868116, 0.25154242543226246, 7.3053557757653209, 19.70066193787909, 39.140856509590947, 61.67771665361488, 38.743625734668342, 33.416512857302564, 79.735772219888673, 105.7536579337449, 70.201242029429636, 51.389533276486333, 82.728781451450629, 95.756992348477155, 116.80964178610014, 136.03938942156296, 157.53339619253734, 179.50364622315573, 33.574864333249877, 54.181383081390436, 71.782501527850513, 99.896178768183006, 55.110788750075244, 14.417821805154801, 11.440348323277988, 1.3341566173930346, 24.574247068380146, 102.64133141978499, 47.554273183965051, 38.070005722469944, 14.489501098588221, 7.0582408794428488, 163.87738484111998, 134.42600374829703, 109.0765209328103, 87.806686246070626, 64.104219672334239, 57.609358536945251, 59.513723301634911, 50.179051052702505, 29.778650902793345, 31.902425161058943, 60.292427124381959, 89.155425474145829, 112.7943879547762, 136.13701313982233, 155.47366252704569, 3.3725634575807248, 21.382645044279684, 40.49364946810141, 67.97374827431986, 83.600735505764078, 60.876626423784671, 40.167668264650388, 7.8285115213285508, 29.07053531775432, 1.4286233332153415, 3.3590154173973588, 2.9548853654168283, 1.067131892525083, 2.3088737060247126, 1.5604642307845893, 0.26413540640123756, 0.28386408831181598, 0.37916423156002566, 6.1568886630142288, 0.49476096389315671, 1.929047975673484, 1.2601408885147976, 0.23385158704411424, 1.5720510579088796, 2.8841579898112855, 1.3367172844390893, 1.6259523384609338, 2.1209271707970174, 0.17477703835970715, 2.0937021484637626, 0.76435746993035991, 1.7567646704181357, 1.4558641773119803, 0.48857774207147031, 1.7416229141955455, 10.392819185828444, 1.1472969301181593, 1.9098131224783401, 4.4118206092654759, 0.58169000157198525, 0.2534455412073271, 1.1888673724224645, 0.23449168981460389, 0.19569237982005916, 3.6911554129407023, 0.48409658801892874, 0.58901985922500444, 0.18237348611262405, 2.9733308101679654, 4.3286160866834962, 0.27048760977692154, 6.5189909334164611, 0.17322637406766717, 0.83134017192304555, 2.4941175642943847]

10
2
[0.8375976508026497, 1.0943907969179918, 0.75155929844981983, 1.1069950771148171, 2.4323561697383695, 0.054818741240694635, 0.61618938290175151, 0.087019355674641474, 0.098591714127167052, 0.23064825294437696, 3.6544057060076796, 1.1897022591663529, 0.273080089206303, 0.90165349453803856, 11.354604395726653, 2.165624826148246, 1.2132901411147259, 14.41819312888947, 1.5079699578253667, 0.30909134255790605, 1.4414825595076195, 0.38704083809835765, 1.1483362121938114, 1.7478439002187258, 0.70503911332997404, 0.31166781204385074, 2.3718141558107391, 1.5286604666066523, 3.1764315268528094, 5.1357848337783594, 3.1033804350385026, 0.5384403975731118, 2.1515876538139196, 0.56302787959094758, 3.9683298785307102, 4.414897487215228, 4.4006643080118693, 6.653298649937966, 24.577094642504278, 18.328414615488498, 10.127792643574594, 0.68054070050311566, 0.87464857134216345, 1.3050173386463371, 1.158394194145842, 2.3346135517122093, 1.2332388823901965, 0.62682882619100155, 1.2332018631211668, 2.0872124919279145, 1.8278373239630241, 1.0463916987348512, 0.36663116980054156, 1.9472669076757256, 2.3229536732746396, 0.85233778671954497, 1.7596105547735874, 0.72568230591900829, 1.0805911954553835, 1.0216468361487614, 4.0047705203960504, 0.050146812146635966, 2.0624620316613118, 2.3873992286331145, 0.95063389325343906, 0.076682222410340728, 0.62077747007447215, 1.5477422754523218, 1.0347870120212974, 0.44356259744029103, 0.33293796753298466, 0.52769703632350229, 0.39016987724801311, 0.73299558635574158, 2.8935847474263028, 1.9645670425719572, 0.91430817695209043, 0.07897056386082113, 0.28476639196173892, 2.2744431878317073, 4.087851791087644, 2.9361696848961856, 1.1872649948116987, 1.2031912181571442, 1.4365270505544459, 0.90687997069557014, 1.6421145124145937, 2.2859404624165904, 0.98713729092190761, 0.72576853421480791, 0.14427722371351592, 5.5516623950019834, 0.83585952541221786, 1.8178109538102376, 0.62310508517157359, 1.265449968024825, 1.851131092793878, 6.2607316459726121, 0.25143064787033609, 0.45634973001142498, 0.34362939754782929, 1.054786636090796, 1.1679071263409355, 0.54855657931705082, 0.4741529840995895, 0.0187809631371465, 2.1557948250136292, 3.6713098541647469, 4.2594673800199416, 4.9869470996211476, 5.3708335893387016, 6.8783693307804583, 10.326820025191523, 11.026015325384208, 7.1825123593048374, 6.368399792376465, 7.8832914377051111, 0.38671412146254625, 0.5263419621479386]

10
0
[6.2637837851301299, 2.2552303112027232, 1.6279888468303625, 0.66735843716935506, 1.104957951575102, 0.58244882145544352, 0.7076069764963222, 0.37317278360504247, 1.2746012465438525, 1.3873199620777541, 1.9332557573488884, 4.149439485713998, 2.196814596716024, 3.684711788970219, 1.2536006103408681, 0.26522054993830579, 0.95939671026860651, 1.678521242893396, 0.76135907179838114, 0.57406761270988227, 1.1866481845370345, 2.1450637104073849, 0.96960005410022632, 0.12390407449476015, 0.16380329384674042, 1.3292815089957628, 0.85473560489259626, 1.3943678786476426, 2.5889728577175788, 0.9344539566600929, 3.0651034792506948, 2.5643448347263416, 0.70895996959939112, 1.0061489726335822, 1.6550836068279864, 0.20675436270965974, 2.9135663382625125, 2.7110953064955652, 2.3165150874210667, 2.0510670685235937, 1.5522771515676936, 0.87009753787845057, 0.42338509731501972, 0.34571513027657375, 1.8144607207607351, 4.7985547900481151, 1.3869671848548251, 1.0419903937254276, 2.470296036873151, 0.23443732567909592, 3.1973334465361063, 4.4971097665550133, 6.8814073811080334, 8.1310485188512871, 1.1074854932241465, 2.1531967086913824, 0.59082346657351081, 4.1376396772698172, 4.0352199726784761, 1.2066956060594975, 1.6073446768113513, 1.6628277909201188, 2.1321479451601704, 0.93111776812679636, 1.2906052168676752, 1.3089362400046411, 1.9041928897061098, 0.73321275680814324, 1.2498711447291271, 3.0534162290297786, 0.48308159711581311, 2.4456225303763404, 0.79297969062764651, 3.418277724826396, 2.6544374206697512, 6.9948961870474591, 2.2480107147070498, 0.1119373801015513, 0.9135109414896192, 1.9154412457544367, 0.7137608615840918, 1.6738860925066774, 0.63802239780898162, 3.0260311143226772, 0.09988302335938215, 0.76519450813816547, 0.5552888839477248, 1.3752530440313251, 0.20166341908426944, 0.081880775724300747, 1.8034979698809366, 0.025914064742664777, 1.8073249155158351, 1.3932689364320936, 0.99724662602127978, 1.0072821779606898, 0.11417091273602864, 2.2675802321439846, 1.1287437348223079, 0.58898599021634368, 0.43666057754307985, 1.0846944158400618, 0.3580427496992229, 1.8194276090463291, 0.91096889126049518, 0.5599431003169002, 1.3036578995579191, 0.42673597712803257, 1.3120538691550792, 0.64240656232897209, 0.13112596261942144, 5.8494614419632285, 2.1353572345566363, 2.5781724933369787, 0.0077786996501174599, 0.7721923199326568, 1.0665051068741036, 2.3332418853322565, 0.099742027755610252]

10
0
[6.6111652661180074, 3.7912072443699003, 1.9013894244380083, 0.077281687249609377, 1.4668884191183054, 1.804093141514187, 5.4071702873775394, 6.9654716330368274, 6.9508861992709967, 3.5910783439791771, 1.6771362736224376, 0.82388287965491713, 0.44720566824730668, 0.96560654416626335, 1.8494597624541029, 1.4619292873868517, 1.9281091717399477, 1.1972200346023101, 0.81860164993091189, 0.6757041399667969, 1.023178635209149, 0.082247980623662897, 9.8222462603786767, 0.54418780438692238, 3.8498883372293164, 0.78626857395892102, 0.1676857208295246, 0.3670966129755584, 0.37774869975234537, 1.0815669152684961, 0.69067132764507733, 0.29968139604483213, 0.74507245922495713, 0.92702514494368415, 2.1625210821330256, 0.49693493599613703, 1.0828265772116765, 1.1422603706242285, 1.7189319507963603, 12.131940769457827, 3.5690857417317261, 0.087696969884746068, 1.2663368522309497, 3.2124364081441854, 1.8112355805723723, 2.2821838241966077, 6.2196003336155741, 4.8391870253092861, 0.94114487341329323, 1.8431556288493312, 1.0024857495926653, 0.55230895709422612, 1.6197666897791123, 3.1796704443404451, 2.5004242892259469, 0.98080360451581328, 3.9956358535025629, 1.7662420958219798, 0.72077726399288622, 0.561019211720577, 0.29265184184976079, 0.23318320449089924, 0.21310281009141363, 1.0127460734615852, 0.97062775118035916, 1.3223916105109765, 0.091936964852948222, 0.15864030138561702, 0.18873295769913057, 0.52621852909214795, 0.23776482723161507, 0.85315660969183682, 1.8999342138631619, 2.4290716745004488, 0.81720617060500444, 1.4644422002818374, 1.5680828642985034, 1.3398055489254261, 2.5658947934419416, 0.081190498299235969, 0.082588894432262805, 0.61887011576817486, 3.7872938658168209, 6.1591953930529826, 6.2133741465131607, 1.6294900790293809, 2.2461063535586163, 2.5495543961397971, 2.8725643898723092, 0.58007100019108293, 1.5654132375478866, 2.02984155865812, 1.7408580881999001, 4.1673975053749359, 1.3923579379446664, 2.856727093232621, 2.3332439785024803, 6.4486139457915783, 15.285781533944657, 22.963284266060782, 5.3726622420312538, 1.1039243789773536, 26.7258541846752, 38.470762035135976, 12.447543149392288, 1.6989173899996217, 0.81792639222601338, 1.0206161953728952, 1.1016284280211153, 2.3626087105021156, 2.3518399031127615, 1.2138648423986069, 0.13731114478332529, 0.95470466214004546, 2.058611406378418, 3.1760849013352868, 4.2662123955167317, 2.2236748490819309, 2.4990426539050077]

20
1
[0.46698293887254749, 0.66022440986114361, 0.50573841852448709, 0.48262966114339179, 3.6175633684798072, 0.96263817679306385, 0.33713179180250563, 0.82296451190782705, 0.26903131380996115, 1.9327892765096522, 0.35393284942119863, 1.0410016589456745, 1.7971046254086787, 2.5702612827931262, 6.8356569248639971, 10.556426968223946, 17.031034454629662, 12.87010075271516, 27.180111738082246, 45.014693474136834, 56.528277091044231, 31.520787163584998, 15.438575873961412, 24.28573023948195, 36.144814107119515, 10.711703304715257, 7.7471192041084294, 26.086612224518149, 3.9830282771442285, 4.6101345862571748, 0.32941145655391324, 1.7519717988180901, 4.1437966537601483, 3.2630273054404881, 9.2918264301246154, 2.356327215484896, 0.081971006495223264, 0.20003734732395628, 1.0608686828479676, 0.09653288059132592, 0.37071515396308996, 0.44532918816236133, 1.5529432013519511, 6.5534995126839704, 3.255810938154724, 4.1780876942938221, 3.7849370677740808, 0.31249246589138124, 2.4407191573850469, 2.8783520690550404, 1.1409186069309669, 0.46850865308988432, 0.38818084285765053, 1.7975352779537843, 2.2680756663972943, 0.31715250964109032, 0.017159201249370426, 1.0981497269268914, 0.082698200671671884, 0.18636635459884587, 1.1259579433655631, 1.5786877870566514, 2.0689119337321813, 0.23410104725854808, 0.11558839936901677, 0.54649368088462325, 1.0012618584927964, 0.067831306149344073, 2.1140637148707242, 3.1402997278452176, 6.0206743941691911, 11.205772386154308, 32.059028977480125, 17.486483840884944, 12.026931537119879, 4.4168237536130164, 5.9836551725035179, 5.0396660043854808, 2.0742888302975189, 1.413948200853838, 0.78991727386119237, 0.2620395992252611, 3.0988495318150626, 2.5492422947968976, 1.8857775279830662, 0.4024726898302049, 0.83282332609587684, 0.95355763546342587, 0.70833665020387571, 2.2960028120041898, 0.22024535390210076, 1.678741814316993, 3.110706827144071, 0.29568463717265558, 3.1506985073691283, 2.288228037720188, 1.2629905477498653, 2.6151292099556258, 2.3175910823531751, 1.2820923647317954, 2.4137016466109458, 0.65813687272083143, 1.7354616213979739, 1.8605667748260544, 1.9405389207777262, 0.22253949000480588, 1.0050995962253637, 0.24237578182669495, 0.94205616914388202, 1.1094997467202461, 1.3197396581760472, 0.36408058694649981, 0.8974781858228198, 1.1836852622527658, 0.41120481400349718, 0.18776655532309405, 1.5565820317319776, 1.2696604499087698]

34
0
[6.7940050550329261, 0.20284544263796533, 1.1101022853659686, 1.6886761057587023, 1.2930127047806366, 1.6105319954986044, 0.84512306646007573, 0.2670779908364409, 0.27575016196055913, 0.21721742371886421, 3.7426644724759797, 3.8134368927594551, 0.19814159354567096, 0.29810715947067479, 0.26859429746397723, 0.78727973229035797, 13.342815504977807, 0.98175232329850814, 0.39824399879071848, 0.43769339230075843, 1.390272258387597, 4.5240842863063619, 0.68103896874168868, 0.015661320553476799, 0.54379598822958997, 2.3091497959042044, 1.358011122768005, 0.68736739723618712, 0.30740465622557167, 1.0123668777472403, 0.65956186800411842, 0.26911366398036307, 4.5395110404250545, 2.4371537933241711, 0.87735055357524061, 0.94619109671384649, 0.26641468538605295, 0.68504067527356938, 3.632126035458441, 12.617144438583637, 4.6162043446719281, 0.43519668839024916, 0.29247571427117691, 0.10040399428362434, 0.17070179709753575, 2.1461980833873326, 0.88433938399958834, 4.6711665191066913, 3.3984678351968114, 1.4467644671234439, 1.5425941871662872, 0.53887353465677279, 0.9781580426665073, 1.2540272855163721, 0.99524217668420079, 0.81547875770127121, 1.2465088495005716, 1.8179840382629777, 0.48650329928665315, 0.7111293686197655, 0.23711210793777582, 3.9444749040200122, 6.2549674742284083, 0.26851366978780788, 0.146943492340597, 0.038762936546902438, 0.015660137780571404, 1.6689620315052025, 1.1572339438659469, 1.5705312003883023, 1.5087878318795447, 1.0794358276116327, 1.2028921304176947, 2.8695299575512649, 0.14762034457834261, 1.0672089801724951, 1.1391868224964128, 1.1453916359473055, 0.88001084560642084, 1.3366206012534576, 1.7094366224060877, 0.78612635101706019, 0.70409725511660781, 1.9364305880819188, 11.940985575119726, 23.702517572388047, 35.918213955473789, 15.127745470523394, 10.072892324547468, 3.8703400423329413, 0.19157561540521328, 0.37990867672385775, 0.47455934898005125, 1.2584899970790957, 1.8243609873543392, 0.75671696931254928, 0.16302431203325796, 0.90034776235233949, 3.901390574609934, 0.32443280580849887, 0.47556736790204468, 0.15738830771101675, 2.4762630803591037, 0.52404128297922625, 0.19556756935094199, 0.31092794932158085, 0.13684751438029252, 0.87999187619703889, 0.71810071663082908, 0.87888629813312491, 0.14591384501443372, 1.4439684671825148, 0.091463380540062644, 0.13427351300856571, 0.3309294668043492, 1.2291545305980094, 2.1058680239885348, 2.9470118243184515, 0.954411819130911]

34
1
[7.2158271567312227, 2.4191968978759064, 0.3648679711517957, 1.0892202807764306, 0.74430292176282364, 1.0086074872095878, 2.6618134910863205, 0.71940112980365711, 0.099541336555120097, 0.217681929906405, 1.7738532885567224, 3.5151312435630757, 8.5452823276673939, 7.6281680300284336, 0.68950785212234678, 1.9007953419426542, 0.13461263462446027, 1.439150773473699, 0.35636169631357006, 2.8178014077998341, 9.5363853808694898, 5.1589820075750765, 2.8387759475947689, 0.091275560896548313, 2.2684335404744331, 1.2272622318749029, 4.6971693027524282, 3.5308262637161647, 1.2531418932315148, 0.61752780808592433, 2.3720800853695891, 1.1995729405595057, 0.00649314461799122, 9.3227058866890786, 10.637271255656856, 2.3601481081549309, 1.336193685931903, 2.6910556365713205, 9.5523043939202807, 5.8849052870016294, 2.7123917793406065, 1.4605170279299671, 0.97439602089568211, 2.1390663110705646, 4.9351187191555823, 0.37233083107247467, 2.5573264976332553, 0.2862349914030915, 1.583073875715229, 2.3339955726105472, 2.1539805475972571, 0.57200170959450247, 2.0519458983698087, 3.1951535752639302, 1.0741579195649251, 0.8277491419731291, 2.2366033057665504, 1.9919766210979617, 1.0171464561037169, 0.54488217705414854, 1.9773277051323248, 1.496647280143975, 2.6387245404876012, 0.62646271229328931, 0.75374822449742851, 1.4861314345484971, 0.08449976300465778, 2.9292167063874217, 0.19926134691127118, 4.1156563778764621, 5.2363790456645347, 4.8110607499723983, 1.7657705044256886, 6.2251184828706982, 2.7230878058332451, 1.4382407122226937, 1.857244512265936, 0.17094776247188292, 0.16281538437840481, 0.2197946270902662, 3.1954135351558648, 0.0072838893021867079, 4.1511612189389666, 2.501041938025935, 5.9076758217676115, 3.1322919331178696, 1.2398003488457903, 0.80743495389879172, 1.9971522047176791, 1.248096741473546, 0.42701884346524821, 0.41305209768370332, 1.2627594351251332, 1.7227006723567797, 1.1145779562714324, 1.1287881964961457, 1.6940260382023666, 0.17995812691322044, 1.2951756771427654, 2.3611587445926716, 6.2470474644029537, 3.6024658467481459, 0.93889342047174296, 1.8725000012261717, 1.0824370219202706, 0.52980302693885051, 0.8281754483914483, 0.58581044874244981, 1.5794785905783613, 0.92382624110632605, 0.0021207136383907255, 2.2404144373984138, 1.4563584105262635, 1.6191139010555844, 2.514205356900618, 0.97769952255984549, 0.7594138616856867, 2.9883937164190684]

20
0
[5.3735392860637603, 1.8507253559656078, 0.75418836905146236, 0.71492184950875526, 0.26747047131928525, 1.2269916300322734, 2.9169108503804466, 1.0440584194589348, 1.4209488869337576, 1.7113500770634005, 0.40809742003966676, 2.0719986632033169, 1.7990646468730347, 1.3570190119933159, 0.10980434542398143, 0.16575573885495487, 1.3360427510738759, 0.037869402858632384, 0.40902288600443626, 0.30811355053526768, 1.1649013019984977, 2.8264497315572612, 1.0355535269715119, 2.4664911891217116, 2.2384907457530971, 0.65929286154164402, 0.75437727904119356, 0.96094287147997193, 10.509259581748665, 2.3377500206120772, 1.416509979698958, 0.6329803913782257, 2.4636791972338301, 3.5204900615399879, 0.92241267407791838, 1.0006827982306277, 1.1924198668037889, 0.93193701918244187, 2.7416011919282823, 0.094212672897413086, 2.2988989363119572, 1.1332624093780623, 2.0376917133000916, 0.89117452773876948, 1.1581339860974253, 3.1645930046026365, 3.7604457016043398, 0.60998127231647459, 5.0028110934975984, 0.049507940735281863, 0.52621107039982462, 1.5820714060931209, 0.11264416790834275, 0.79607720356835898, 0.46371179398238382, 0.85367788411468837, 1.9648613539652615, 0.80815962301204536, 0.27029994625445397, 1.5476060949577004, 0.45022150169978659, 0.76656440982202412, 2.1409186942283895, 1.6013399974042386, 7.5761338262648223, 7.399214479972386, 2.312648469848682, 1.1215899897849795, 0.14591551622442012, 8.8427542945584037, 1.9714169951149643, 1.3708988979046808, 1.3615689431215969, 1.5381756698398021, 2.4889878159513046, 1.9173634249075349, 0.88409603664734959, 0.75648569788711484, 0.9492448092515815, 2.9791571609636094, 1.7819548016863109, 0.39406229688336225, 0.16728191279821658, 0.66850164900023401, 0.61075244524514005, 2.0976919036910999, 1.366723977458264, 0.010577879616278096, 1.0317257146213592, 2.7699611566573026, 0.77814950909851177, 2.1694893118365428, 2.9258834256266937, 1.3432588463828949, 1.4015695641468824, 0.098165324386911834, 0.54066841323256654, 0.070071025976062629, 1.3641631633013276, 2.5805989565098457, 3.4140038809809994, 4.8564518344591079, 1.7382193047322119, 0.45977406343072857, 0.15098792693839869, 2.38278306138875, 0.041279896093328716, 3.2893809330032582, 1.4186528456822032, 2.131895970777606, 1.3550696759328389, 1.4410991342667216, 2.522387822425685, 1.683865896274483, 2.9791823040980034, 0.99973043810049944, 0.92326194903779424, 0.85811397637090181, 5.5370064165765598]

34
1
[6.32171851224291, 0.95167796110422387, 1.2520795951990635, 0.63862537532841657, 1.5079640392720819, 0.46999211067466717, 0.45637341239950047, 3.6043654445032871, 2.9679345987867123, 1.6227463744563124, 2.2931615304518118, 1.2147375836264018, 18.173668362667286, 31.899310108666612, 30.467622109666223, 16.807527338692921, 16.394284361063455, 44.700063270706124, 55.978524925377059, 40.747260141834602, 43.699477218390314, 58.670148742444184, 62.897316808353423, 63.005801495363102, 79.486491081464465, 87.911220406973712, 75.609556148414299, 57.472355417239868, 29.580143051413501, 4.0962402666073103, 0.18166467801017916, 5.1136714456176264, 2.9591522686312146, 0.0019677981688346335, 0.57508693337109662, 8.0802356302361886, 1.4288060060983412, 10.909732841986113, 0.70948156785078709, 0.19746118730836315, 1.1765625417130536, 1.0211943295201991, 0.9952440714322961, 1.3454699273563619, 0.46592883113368089, 1.5442569203177072, 0.73005839176647669, 0.60341736736546636, 3.5073652523776673, 1.1504852659955986, 2.2165073047359556, 1.8138694229672865, 0.58193835907593439, 2.7797106999028642, 2.0810622073915965, 10.936332256943501, 1.8874334319462491, 0.55142242243107376, 1.1768868595987669, 0.37854437378359762, 0.68902652865546088, 1.0283031112100502, 2.0133929001762567, 1.5564235365950481, 1.6137817470697655, 0.66716210124297959, 1.1342768699710746, 0.24877678035886674, 3.4253519288361076, 0.37705372561094919, 2.4956728475481782, 2.4588568181746382, 0.00021308322632762611, 0.28569371612880445, 0.36908438880698213, 0.43414413998706891, 0.40358441450874238, 0.35138885094468719, 0.01415973093500611, 1.6380107928611665, 0.23108835147132822, 6.2718237961008469, 2.7898565753827143, 1.2937418617582921, 1.8404272281488829, 0.95961424639443749, 1.8638479902302834, 1.5962858366993942, 2.3297868680318174, 0.65201681087623342, 1.1796351163716849, 1.1291382674729107, 0.13238098635912365, 0.50981888092061922, 0.064022256748216932, 0.17521170286838128, 0.56022597539421781, 1.5327604290941395, 0.42508924933557068, 0.34782894472434123, 0.65990542662399321, 0.11955510012626291, 1.0682604059372807, 2.9752836064768076, 7.8793925077808353, 1.8822848794025617, 3.3035160886745416, 0.9358919959942682, 0.70194000176820737, 5.5103305231531863, 0.63935194319731181, 0.032717086645675408, 0.37798601732185944, 0.60642028730592301, 1.3219312646226626, 0.35020479906802393, 3.4647021907319413, 4.135085770086107, 1.127481434143192]

34
0
[5.9718181995716577, 0.089728274496792437, 0.1328645034570286, 0.97783356114840103, 0.64656963414645929, 1.307528323551594, 0.11949007462391137, 5.0980824942408276, 0.33838763262087923, 1.043629924458088, 0.58669666369652873, 3.9722731162767104, 2.0855525320190793, 1.1973889551060495, 1.6674763221450917, 0.44936863911613045, 3.1646046401643275, 1.2416793873663039, 2.1556299814457702, 0.047044753168989928, 0.78845692532070188, 0.28108011985588632, 0.4823393468295194, 2.535846400616407, 0.22599471367999513, 0.66403976030909462, 0.4055887690376494, 0.28804676784309891, 2.3341691007447025, 1.7188836615708283, 0.74497011993690876, 1.9419848582245436, 0.60374882276749986, 0.12597778183049968, 0.87264930108779026, 1.3637682351296121, 0.12970265668320735, 0.41799054334262564, 2.1499513178496841, 1.7289989720525227, 0.35614419370148198, 0.5694635777766166, 0.68249204045093848, 10.013356356391, 1.8667813509092639, 4.187850536535791, 14.533654228515729, 7.8819785533032132, 3.7341692042405725, 0.49441896293342324, 0.7881847708901546, 0.17876929687452048, 2.6117129904100693, 2.6901019525949437, 0.79927304055740933, 3.9116263500434911, 1.9549169503141002, 3.0690566395297765, 1.0987530973508797, 0.98040326018480073, 1.1268345382231928, 0.29207744417641379, 0.92027910607396279, 1.5906950566773048, 2.4559708513727969, 3.2785460342365127, 0.64485814204317649, 1.8452423008722008, 0.73212766972949339, 0.98220815182338583, 3.6670577782103919, 0.69504056450205098, 3.2614686061277212, 0.58851229302672436, 2.280565950452683, 0.58821579794113177, 0.071842767040607214, 0.76780788587694815, 0.74813072261616753, 0.59529420255023524, 5.1685399601564086, 0.19876238861763795, 1.51921068749391, 0.25822186681853054, 0.10038424656460165, 1.258066143097949, 0.73691652967113441, 0.50958049231144287, 0.17538409534921584, 1.5829572749325962, 2.77479489602473, 0.51206983845975174, 0.83318634496606592, 0.36477766093503305, 0.95357979881310939, 0.17517300194469954, 2.3433928902618959, 0.81721574968963751, 0.69608394288826503, 1.0640662194638253, 0.72015562439776204, 0.28541908060481092, 1.3147750136073455, 0.66495120978214572, 1.5355151655632824, 0.0068914376100224217, 0.26351760472127239, 0.87550032103362696, 6.9793774564741113, 3.3751199990732914, 2.1213578976371537, 1.2094335888352248, 3.0705415665481723, 0.38493062068050676, 1.288565768026956, 0.45089675315267641, 0.64084346946179949, 0.59074821054787208, 4.9131498277821493]

